% f evaluations | g evaluations | best noise-free fitness - Fopt (7.135000000000e+01) + sum g_i+ | measured fitness | best measured fitness or single-digit g-values | x1 | x2...
1 0 +7.554021144e+01 +1.468902114e+02 +1.468902114e+02 +0.0000e+00 +0.0000e+00
11 0 +7.537591817e+01 +1.467259182e+02 +1.467259182e+02 -2.5000e-04 +0.0000e+00
69 0 +3.714799244e+01 +1.084979924e+02 +1.084979924e+02 +2.5406e+00 +1.2113e+00
72 0 +3.552681865e+01 +1.068768186e+02 +1.068768186e+02 +2.6588e+00 +1.1440e+00
73 0 +3.345810853e+01 +1.048081085e+02 +1.048081085e+02 +2.5406e+00 +1.1440e+00
77 0 +3.155985347e+01 +1.029098535e+02 +1.029098535e+02 +2.5997e+00 +1.1440e+00
82 0 +2.575124028e+01 +9.710124028e+01 +9.710124028e+01 +2.6182e+00 +1.1314e+00
88 0 +2.471440396e+01 +9.606440396e+01 +9.606440396e+01 +2.6056e+00 +1.1350e+00
89 0 +2.378398563e+01 +9.513398563e+01 +9.513398563e+01 +2.6268e+00 +1.1339e+00
96 0 +2.342963879e+01 +9.477963879e+01 +9.477963879e+01 +2.6188e+00 +1.1335e+00
104 0 +2.281497044e+01 +9.416497044e+01 +9.416497044e+01 +2.6159e+00 +1.1337e+00
105 0 +2.226813360e+01 +9.361813360e+01 +9.361813360e+01 +2.6195e+00 +1.1338e+00
134 0 +2.174998788e+01 +9.309998788e+01 +9.309998788e+01 +2.6206e+00 +1.1338e+00
365 0 +1.992518408e+01 +9.127518408e+01 +9.127518408e+01 -4.3856e+00 -2.2544e+00
370 0 +7.264487073e+00 +7.861448707e+01 +7.861448707e+01 -4.5920e+00 -2.2544e+00
380 0 +6.231223002e+00 +7.758122300e+01 +7.758122300e+01 -4.6351e+00 -2.2565e+00
384 0 +5.307916674e+00 +7.665791667e+01 +7.665791667e+01 -4.6408e+00 -2.2547e+00
389 0 +5.041330990e+00 +7.639133099e+01 +7.639133099e+01 -4.6229e+00 -2.2545e+00
393 0 +4.904185452e+00 +7.625418545e+01 +7.625418545e+01 -4.6355e+00 -2.2548e+00
397 0 +4.406107415e+00 +7.575610741e+01 +7.575610741e+01 -4.6286e+00 -2.2547e+00
409 0 +4.359697572e+00 +7.570969757e+01 +7.570969757e+01 -4.6295e+00 -2.2547e+00
420 0 +4.245857411e+00 +7.559585741e+01 +7.559585741e+01 -4.6291e+00 -2.2547e+00
% f evaluations | g evaluations | best noise-free fitness - Fopt (-3.552200000000e+02) + sum g_i+ | measured fitness | best measured fitness or single-digit g-values | x1 | x2...
1 0 +2.629527895e+02 -9.226721048e+01 -9.226721048e+01 +0.0000e+00 +0.0000e+00
2 0 +2.611995427e+02 -9.402045733e+01 -9.402045733e+01 +2.5000e-04 +0.0000e+00
11 0 +2.558810510e+02 -9.933894903e+01 -9.933894903e+01 +6.3672e-04 -6.7187e-04
66 0 +7.418232130e+01 -2.810376787e+02 -2.810376787e+02 +3.2791e+00 +1.2871e+00
67 0 +3.972289966e+01 -3.154971003e+02 -3.154971003e+02 +3.4431e+00 +1.2871e+00
74 0 +3.351347531e+01 -3.217065247e+02 -3.217065247e+02 +3.4226e+00 +1.3112e+00
75 0 +2.381826760e+01 -3.314017324e+02 -3.314017324e+02 +3.5046e+00 +1.2790e+00
80 0 +2.098168432e+01 -3.342383157e+02 -3.342383157e+02 +3.5097e+00 +1.2891e+00
82 0 +1.173843323e+01 -3.434815668e+02 -3.434815668e+02 +3.5366e+00 +1.2775e+00
91 0 +1.092989120e+01 -3.442901088e+02 -3.442901088e+02 +3.5472e+00 +1.2792e+00
92 0 +1.014665766e+01 -3.450733423e+02 -3.450733423e+02 +3.5550e+00 +1.2823e+00
101 0 +9.158209987e+00 -3.460617900e+02 -3.460617900e+02 +3.5533e+00 +1.2823e+00
107 0 +8.882842853e+00 -3.463371571e+02 -3.463371571e+02 +3.5547e+00 +1.2827e+00
160 0 +5.055431701e+00 -3.501645683e+02 -3.501645683e+02 +9.9661e-01 -3.0661e+00
163 0 +3.714747961e+00 -3.515052520e+02 -3.515052520e+02 +1.0290e+00 -3.0304e+00
165 0 +3.563333214e+00 -3.516566668e+02 -3.516566668e+02 +9.9499e-01 -3.0393e+00
167 0 +2.750260510e+00 -3.524697395e+02 -3.524697395e+02 +1.0043e+00 -3.0505e+00
170 0 +2.470889759e+00 -3.527491102e+02 -3.527491102e+02 +9.9115e-01 -3.0471e+00
171 0 +2.262918081e+00 -3.529570819e+02 -3.529570819e+02 +1.0251e+00 -3.0382e+00
174 0 +1.976576166e+00 -3.532434238e+02 -3.532434238e+02 +1.0062e+00 -3.0466e+00
179 0 +1.942559352e+00 -3.532774406e+02 -3.532774406e+02 +1.0171e+00 -3.0433e+00
184 0 +1.897924878e+00 -3.533220751e+02 -3.533220751e+02 +1.0108e+00 -3.0450e+00
186 0 +1.838036085e+00 -3.533819639e+02 -3.533819639e+02 +1.0138e+00 -3.0439e+00
195 0 +1.800779738e+00 -3.534192203e+02 -3.534192203e+02 +1.0106e+00 -3.0449e+00
199 0 +1.763034476e+00 -3.534569655e+02 -3.534569655e+02 +1.0102e+00 -3.0451e+00
223 0 +1.736863791e+00 -3.534831362e+02 -3.534831362e+02 +1.0101e+00 -3.0451e+00
% f evaluations | g evaluations | best noise-free fitness - Fopt (9.917000000000e+01) + sum g_i+ | measured fitness | best measured fitness or single-digit g-values | x1 | x2...
1 0 +3.418304207e+01 +1.333530421e+02 +1.333530421e+02 +0.0000e+00 +0.0000e+00
5 0 +3.408421769e+01 +1.332542177e+02 +1.332542177e+02 -1.2500e-04 +1.8750e-04
57 0 +2.743839200e+01 +1.266083920e+02 +1.266083920e+02 +1.8118e+00 +3.8101e+00
66 0 +2.419785293e+01 +1.233678529e+02 +1.233678529e+02 +1.8093e+00 +3.8055e+00
74 0 +2.390367761e+01 +1.230736776e+02 +1.230736776e+02 +1.8047e+00 +3.8135e+00
78 0 +2.328459079e+01 +1.224545908e+02 +1.224545908e+02 +1.8073e+00 +3.8089e+00
86 0 +2.285039540e+01 +1.220203954e+02 +1.220203954e+02 +1.8062e+00 +3.8106e+00
150 0 +2.192003734e+01 +1.210900373e+02 +1.210900373e+02 +1.3745e+00 +1.8208e+00
163 0 +2.160689924e+01 +1.207768992e+02 +1.207768992e+02 +1.3751e+00 +1.8198e+00
172 0 +2.135264005e+01 +1.205226401e+02 +1.205226401e+02 +1.3753e+00 +1.8198e+00
308 0 +9.595691768e+00 +1.087656918e+02 +1.087656918e+02 -7.7612e-01 -2.3138e+00
315 0 +8.481205414e+00 +1.076512054e+02 +1.076512054e+02 -8.0280e-01 -2.2487e+00
320 0 +5.896005154e+00 +1.050660052e+02 +1.050660052e+02 -8.0538e-01 -2.2582e+00
330 0 +5.732494458e+00 +1.049024945e+02 +1.049024945e+02 -8.1169e-01 -2.2474e+00
331 0 +5.436219365e+00 +1.046062194e+02 +1.046062194e+02 -8.2015e-01 -2.2344e+00
332 0 +5.090065823e+00 +1.042600658e+02 +1.042600658e+02 -8.2445e-01 -2.2298e+00
339 0 +4.743591357e+00 +1.039135914e+02 +1.039135914e+02 -8.2388e-01 -2.2294e+00
341 0 +4.595695140e+00 +1.037656951e+02 +1.037656951e+02 -8.2588e-01 -2.2270e+00
346 0 +4.366486778e+00 +1.035364868e+02 +1.035364868e+02 -8.2536e-01 -2.2273e+00
354 0 +4.360466529e+00 +1.035304665e+02 +1.035304665e+02 -8.2586e-01 -2.2266e+00
362 0 +4.261246936e+00 +1.034312469e+02 +1.034312469e+02 -8.2565e-01 -2.2269e+00
397 0 +8.067294609e-01 +9.997672946e+01 +9.997672946e+01 -2.7163e+00 +2.5743e+00
407 0 +3.753379081e-01 +9.954533791e+01 +9.954533791e+01 -2.7479e+00 +2.6458e+00
421 0 +2.881829363e-01 +9.945818294e+01 +9.945818294e+01 -2.7485e+00 +2.6405e+00
429 0 +1.987905689e-01 +9.936879057e+01 +9.936879057e+01 -2.7501e+00 +2.6413e+00
438 0 +1.892036257e-01 +9.935920363e+01 +9.935920363e+01 -2.7527e+00 +2.6450e+00
441 0 +1.860200876e-01 +9.935602009e+01 +9.935602009e+01 -2.7562e+00 +2.6502e+00
442 0 +1.467096001e-01 +9.931670960e+01 +9.931670960e+01 -2.7593e+00 +2.6546e+00
447 0 +1.381903657e-01 +9.930819037e+01 +9.930819037e+01 -2.7596e+00 +2.6549e+00
449 0 +1.342444618e-01 +9.930424446e+01 +9.930424446e+01 -2.7607e+00 +2.6566e+00
453 0 +1.313632449e-01 +9.930136324e+01 +9.930136324e+01 -2.7602e+00 +2.6558e+00
455 0 +1.273283841e-01 +9.929732838e+01 +9.929732838e+01 -2.7607e+00 +2.6564e+00
462 0 +1.255673318e-01 +9.929556733e+01 +9.929556733e+01 -2.7607e+00 +2.6565e+00
467 0 +1.225772477e-01 +9.929257725e+01 +9.929257725e+01 -2.7607e+00 +2.6564e+00
% f evaluations | g evaluations | best noise-free fitness - Fopt (-5.179100000000e+02) + sum g_i+ | measured fitness | best measured fitness or single-digit g-values | x1 | x2...
1 0 +6.376199996e+01 -4.541480000e+02 -4.541480000e+02 +0.0000e+00 +0.0000e+00
2 0 +6.367182687e+01 -4.542381731e+02 -4.542381731e+02 +2.5000e-04 +0.0000e+00
4 0 +6.308180674e+01 -4.548281933e+02 -4.548281933e+02 +2.5000e-04 -2.5000e-04
79 0 +2.508181061e+01 -4.928281894e+02 -4.928281894e+02 +1.4923e+00 +1.4209e-01
81 0 +2.428561830e+01 -4.936243817e+02 -4.936243817e+02 +1.4923e+00 +1.4919e-01
82 0 +2.056176905e+01 -4.973482310e+02 -4.973482310e+02 +1.4177e+00 +1.4919e-01
83 0 +1.269854569e+01 -5.052114543e+02 -5.052114543e+02 +1.3431e+00 +1.5274e-01
88 0 +1.166681242e+01 -5.062431876e+02 -5.062431876e+02 +1.3804e+00 +1.5452e-01
91 0 +8.141231416e+00 -5.097687686e+02 -5.097687686e+02 +1.3618e+00 +1.5186e-01
100 0 +7.887314239e+00 -5.100226858e+02 -5.100226858e+02 +1.3583e+00 +1.4891e-01
110 0 +7.668415705e+00 -5.102415843e+02 -5.102415843e+02 +1.3603e+00 +1.4984e-01
122 0 +7.585365050e+00 -5.103246350e+02 -5.103246350e+02 +1.3602e+00 +1.4969e-01
270 0 +5.786102167e+00 -5.121238978e+02 -5.121238978e+02 -2.3106e-01 +2.8137e+00
276 0 +4.342416789e+00 -5.135675832e+02 -5.135675832e+02 -2.2575e-01 +2.8717e+00
281 0 +2.383989746e+00 -5.155260103e+02 -5.155260103e+02 -2.2973e-01 +2.8572e+00
289 0 +2.285505597e+00 -5.156244944e+02 -5.156244944e+02 -2.2830e-01 +2.8588e+00
295 0 +2.099793392e+00 -5.158102066e+02 -5.158102066e+02 -2.2917e-01 +2.8574e+00
300 0 +2.087549606e+00 -5.158224504e+02 -5.158224504e+02 -2.2969e-01 +2.8567e+00
304 0 +2.021626115e+00 -5.158883739e+02 -5.158883739e+02 -2.2991e-01 +2.8562e+00
307 0 +1.987681556e+00 -5.159223184e+02 -5.159223184e+02 -2.2967e-01 +2.8566e+00
323 0 +1.944133935e+00 -5.159658661e+02 -5.159658661e+02 -2.2966e-01 +2.8566e+00
% f evaluations | g evaluations | best noise-free fitness - Fopt (-5.721000000000e+01) + sum g_i+ | measured fitness | best measured fitness or single-digit g-values | x1 | x2...
1 0 +7.084914332e+01 +1.363914332e+01 +1.363914332e+01 +0.0000e+00 +0.0000e+00
2 0 +6.997950390e+01 +1.276950390e+01 +1.276950390e+01 +2.5000e-04 +0.0000e+00
6 0 +6.896599248e+01 +1.175599248e+01 +1.175599248e+01 -6.2500e-05 +4.3750e-04
67 0 +6.052410302e+01 +3.314103021e+00 +3.314103021e+00 +4.0203e+00 +6.9327e-02
70 0 +5.053929760e+01 -6.670702397e+00 -6.670702397e+00 +3.8767e+00 +7.1253e-02
71 0 +1.960250817e+01 -3.760749183e+01 -3.760749183e+01 +3.7266e+00 +7.2644e-02
72 0 +1.865412907e+01 -3.855587093e+01 -3.855587093e+01 +3.7136e+00 +7.1574e-02
77 0 +1.806175726e+01 -3.914824274e+01 -3.914824274e+01 +3.7952e+00 +7.1413e-02
81 0 +9.905509680e+00 -4.730449032e+01 -4.730449032e+01 +3.7511e+00 +7.1226e-02
88 0 +9.565192816e+00 -4.764480718e+01 -4.764480718e+01 +3.7517e+00 +7.0848e-02
117 0 +9.531393908e+00 -4.767860609e+01 -4.767860609e+01 +3.7517e+00 +7.0828e-02
347 0 +4.117347623e+00 -5.309265238e+01 -5.309265238e+01 +3.1687e-01 +1.0838e+00
348 0 +3.707752990e+00 -5.350224701e+01 -5.350224701e+01 +3.3271e-01 +1.0838e+00
350 0 +1.830486528e+00 -5.537951347e+01 -5.537951347e+01 +3.3271e-01 +1.0296e+00
351 0 +5.322510821e-02 -5.715677489e+01 -5.715677489e+01 +3.4063e-01 +9.7538e-01
360 0 +2.488598623e-02 -5.718511401e+01 -5.718511401e+01 +3.4955e-01 +9.6860e-01
370 0 +2.061403044e-02 -5.718938597e+01 -5.718938597e+01 +3.5400e-01 +9.6522e-01
371 0 +1.503891416e-02 -5.719496109e+01 -5.719496109e+01 +3.5663e-01 +9.6246e-01
374 0 +1.248304317e-02 -5.719751696e+01 -5.719751696e+01 +3.6012e-01 +9.5850e-01
375 0 +4.970005686e-03 -5.720502999e+01 -5.720502999e+01 +3.6541e-01 +9.5344e-01
378 0 +3.439610183e-03 -5.720656039e+01 -5.720656039e+01 +3.7249e-01 +9.4730e-01
380 0 +2.275288669e-03 -5.720772471e+01 -5.720772471e+01 +3.6898e-01 +9.5082e-01
387 0 +1.630573393e-03 -5.720836943e+01 -5.720836943e+01 +3.7078e-01 +9.4974e-01
394 0 +1.026677627e-03 -5.720897332e+01 -5.720897332e+01 +3.7189e-01 +9.4883e-01
396 0 +9.047399068e-04 -5.720909526e+01 -5.720909526e+01 +3.7168e-01 +9.4920e-01
397 0 +8.027497792e-04 -5.720919725e+01 -5.720919725e+01 +3.7202e-01 +9.4910e-01
400 0 +7.007962719e-04 -5.720929920e+01 -5.720929920e+01 +3.7223e-01 +9.4874e-01
402 0 +5.974238564e-04 -5.720940258e+01 -5.720940258e+01 +3.7263e-01 +9.4856e-01
406 0 +5.862242830e-04 -5.720941378e+01 -5.720941378e+01 +3.7233e-01 +9.4877e-01
408 0 +5.487958632e-04 -5.720945120e+01 -5.720945120e+01 +3.7235e-01 +9.4870e-01
409 0 +4.545298122e-04 -5.720954547e+01 -5.720954547e+01 +3.7205e-01 +9.4891e-01
421 0 +4.264819270e-04 -5.720957352e+01 -5.720957352e+01 +3.7195e-01 +9.4897e-01
427 0 +3.904324094e-04 -5.720960957e+01 -5.720960957e+01 +3.7197e-01 +9.4895e-01
% f evaluations | g evaluations | best noise-free fitness - Fopt (6.626000000000e+01) + sum g_i+ | measured fitness | best measured fitness or single-digit g-values | x1 | x2...
1 0 +8.820121044e+01 +1.544612104e+02 +1.544612104e+02 +0.0000e+00 +0.0000e+00
3 0 +8.819590389e+01 +1.544559039e+02 +1.544559039e+02 +0.0000e+00 +2.5000e-04
4 0 +8.606865094e+01 +1.523286509e+02 +1.523286509e+02 -2.5000e-04 +2.5000e-04
5 0 +8.410768000e+01 +1.503676800e+02 +1.503676800e+02 -5.0000e-04 +3.7500e-04
7 0 +8.253835243e+01 +1.487983524e+02 +1.487983524e+02 -7.5000e-04 +9.3750e-04
8 0 +8.116162553e+01 +1.474216255e+02 +1.474216255e+02 -1.2500e-03 +1.0625e-03
65 0 +7.469251730e+01 +1.409525173e+02 +1.409525173e+02 -4.3899e+00 +3.0917e-01
68 0 +7.280259582e+01 +1.390625958e+02 +1.390625958e+02 -4.5989e+00 +3.0917e-01
73 0 +6.915822687e+01 +1.354182269e+02 +1.354182269e+02 -4.5989e+00 +3.0144e-01
75 0 +3.442484143e+01 +1.006848414e+02 +1.006848414e+02 -4.7035e+00 +3.0144e-01
77 0 +3.177847451e+01 +9.803847451e+01 +9.803847451e+01 -4.7035e+00 +2.9372e-01
86 0 +2.669496360e+01 +9.295496360e+01 +9.295496360e+01 -4.6969e+00 +2.9782e-01
94 0 +2.607636047e+01 +9.233636047e+01 +9.233636047e+01 -4.6965e+00 +3.0267e-01
332 0 +2.184611153e+01 +8.810611153e+01 +8.810611153e+01 -8.9037e-01 -8.9697e-01
333 0 +1.344346325e+01 +7.970346325e+01 +7.970346325e+01 -9.2179e-01 -8.4976e-01
371 0 +1.317902198e+01 +7.943902198e+01 +7.943902198e+01 -9.2100e-01 -8.4736e-01
% f evaluations | g evaluations | best noise-free fitness - Fopt (-1.386200000000e+02) + sum g_i+ | measured fitness | best measured fitness or single-digit g-values | x1 | x2...
1 0 +5.560927136e+01 -8.301072864e+01 -8.301072864e+01 +0.0000e+00 +0.0000e+00
4 0 +5.441301457e+01 -8.420698543e+01 -8.420698543e+01 -2.5000e-04 +2.5000e-04
5 0 +5.345958222e+01 -8.516041778e+01 -8.516041778e+01 -5.0000e-04 +3.7500e-04
6 0 +5.235878651e+01 -8.626121349e+01 -8.626121349e+01 -5.0000e-04 +1.2500e-04
87 0 +4.916277001e+01 -8.945722999e+01 -8.945722999e+01 -3.6958e-01 -4.2851e-02
94 0 +4.885254865e+01 -8.976745135e+01 -8.976745135e+01 -3.6922e-01 -4.3099e-02
154 0 +4.344178498e+01 -9.517821502e+01 -9.517821502e+01 +3.1528e+00 -2.2631e+00
155 0 +4.093794017e+01 -9.768205983e+01 -9.768205983e+01 +3.0027e+00 -2.3762e+00
160 0 +2.365331078e+01 -1.149666892e+02 -1.149666892e+02 +2.9276e+00 -2.3762e+00
162 0 +2.281562708e+01 -1.158043729e+02 -1.158043729e+02 +2.9276e+00 -2.4328e+00
165 0 +1.126160079e+01 -1.273583992e+02 -1.273583992e+02 +2.8901e+00 -2.4187e+00
176 0 +8.679596749e+00 -1.299404033e+02 -1.299404033e+02 +2.8941e+00 -2.4399e+00
195 0 +8.491251854e+00 -1.301287481e+02 -1.301287481e+02 +2.8938e+00 -2.4378e+00
213 0 +8.310407627e+00 -1.303095924e+02 -1.303095924e+02 +2.8938e+00 -2.4380e+00
259 0 +6.799179572e+00 -1.318208204e+02 -1.318208204e+02 +3.4550e+00 +6.2045e-01
265 0 +6.570925605e+00 -1.320490744e+02 -1.320490744e+02 +3.4536e+00 +6.4168e-01
288 0 +6.340437563e+00 -1.322795624e+02 -1.322795624e+02 +3.4533e+00 +6.4231e-01
289 0 +6.233218762e+00 -1.323867812e+02 -1.323867812e+02 +3.4532e+00 +6.4263e-01
296 0 +6.126500942e+00 -1.324934991e+02 -1.324934991e+02 +3.4531e+00 +6.4311e-01
% f evaluations | g evaluations | best noise-free fitness - Fopt (7.313900000000e+02) + sum g_i+ | measured fitness | best measured fitness or single-digit g-values | x1 | x2...
1 0 +3.659983653e+01 +7.679898365e+02 +7.679898365e+02 +0.0000e+00 +0.0000e+00
3 0 +3.621522786e+01 +7.676052279e+02 +7.676052279e+02 +0.0000e+00 +2.5000e-04
5 0 +3.533537949e+01 +7.667253795e+02 +7.667253795e+02 -5.0000e-04 +3.7500e-04
170 0 +2.768966342e+01 +7.590796634e+02 +7.590796634e+02 -3.5452e+00 -1.7888e+00
179 0 +2.383641889e+01 +7.552264189e+02 +7.552264189e+02 -3.5593e+00 -1.7757e+00
187 0 +2.309200597e+01 +7.544820060e+02 +7.544820060e+02 -3.5558e+00 -1.7790e+00
212 0 +2.285073875e+01 +7.542407387e+02 +7.542407387e+02 -3.5559e+00 -1.7782e+00
256 0 +1.415248441e+01 +7.455424844e+02 +7.455424844e+02 -3.4848e+00 +2.5006e+00
263 0 +1.109110965e+01 +7.424811097e+02 +7.424811097e+02 -3.4784e+00 +2.5430e+00
294 0 +1.085616650e+01 +7.422461665e+02 +7.422461665e+02 -3.4785e+00 +2.5440e+00
337 0 +9.033301511e+00 +7.404233015e+02 +7.404233015e+02 -3.5641e+00 +2.0921e+00
345 0 +7.824174059e+00 +7.392141741e+02 +7.392141741e+02 -3.5588e+00 +2.0559e+00
350 0 +7.425313623e+00 +7.388153136e+02 +7.388153136e+02 -3.5534e+00 +2.0198e+00
354 0 +6.375219253e+00 +7.377652193e+02 +7.377652193e+02 -3.5561e+00 +2.0379e+00
367 0 +6.242640870e+00 +7.376326409e+02 +7.376326409e+02 -3.5550e+00 +2.0323e+00
369 0 +5.866144124e+00 +7.372561441e+02 +7.372561441e+02 -3.5550e+00 +2.0344e+00
388 0 +5.726089445e+00 +7.371160894e+02 +7.371160894e+02 -3.5552e+00 +2.0352e+00
% f evaluations | g evaluations | best noise-free fitness - Fopt (7.526000000000e+01) + sum g_i+ | measured fitness | best measured fitness or single-digit g-values | x1 | x2...
1 0 +2.387879109e+02 +3.140479109e+02 +3.140479109e+02 +0.0000e+00 +0.0000e+00
2 0 +2.385437643e+02 +3.138037643e+02 +3.138037643e+02 +2.5000e-04 +0.0000e+00
9 0 +2.342448714e+02 +3.095048714e+02 +3.095048714e+02 -1.2500e-04 +3.7500e-04
13 0 +2.284391920e+02 +3.036991920e+02 +3.036991920e+02 -3.7500e-04 +1.0000e-03
70 0 +2.388314401e+01 +9.914314401e+01 +9.914314401e+01 +1.6918e+00 -3.2165e-01
71 0 +3.030166771e+00 +7.829016677e+01 +7.829016677e+01 +1.7764e+00 -3.2165e-01
78 0 +2.738813668e+00 +7.799881367e+01 +7.799881367e+01 +1.7975e+00 -3.2768e-01
80 0 +1.794751696e+00 +7.705475170e+01 +7.705475170e+01 +1.7975e+00 -3.1160e-01
90 0 +1.413610820e+00 +7.667361082e+01 +7.667361082e+01 +1.8034e+00 -3.0852e-01
99 0 +1.354397721e+00 +7.661439772e+01 +7.661439772e+01 +1.8053e+00 -3.0770e-01
102 0 +1.345805045e+00 +7.660580504e+01 +7.660580504e+01 +1.8028e+00 -3.0953e-01
104 0 +1.259848793e+00 +7.651984879e+01 +7.651984879e+01 +1.8037e+00 -3.0857e-01
110 0 +1.240140168e+00 +7.650014017e+01 +7.650014017e+01 +1.8043e+00 -3.0820e-01
115 0 +1.224635893e+00 +7.648463589e+01 +7.648463589e+01 +1.8040e+00 -3.0843e-01
124 0 +1.198271818e+00 +7.645827182e+01 +7.645827182e+01 +1.8040e+00 -3.0846e-01
% f evaluations | g evaluations | best noise-free fitness - Fopt (-4.913000000000e+01) + sum g_i+ | measured fitness | best measured fitness or single-digit g-values | x1 | x2...
1 0 +2.134808253e+01 -2.778191747e+01 -2.778191747e+01 +0.0000e+00 +0.0000e+00
2 0 +2.110831357e+01 -2.802168643e+01 -2.802168643e+01 +2.5000e-04 +0.0000e+00
3 0 +2.084806614e+01 -2.828193386e+01 -2.828193386e+01 +0.0000e+00 +2.5000e-04
53 0 +7.807554512e+00 -4.132244549e+01 -4.132244549e+01 -3.7819e+00 -2.6809e+00
66 0 +7.329462649e+00 -4.180053735e+01 -4.180053735e+01 -3.7538e+00 -2.6578e+00
70 0 +5.776135824e+00 -4.335386418e+01 -4.335386418e+01 -3.7442e+00 -2.6426e+00
75 0 +5.216775804e+00 -4.391322420e+01 -4.391322420e+01 -3.7280e+00 -2.6328e+00
84 0 +5.031377996e+00 -4.409862200e+01 -4.409862200e+01 -3.7223e+00 -2.6272e+00
88 0 +4.873380405e+00 -4.425661959e+01 -4.425661959e+01 -3.7179e+00 -2.6242e+00
90 0 +4.329127437e+00 -4.480087256e+01 -4.480087256e+01 -3.7115e+00 -2.6187e+00
107 0 +4.254237355e+00 -4.487576265e+01 -4.487576265e+01 -3.7122e+00 -2.6193e+00
153 0 +1.344504624e-01 -4.899554954e+01 -4.899554954e+01 +4.7842e+00 +8.8762e-01
161 0 +1.007477491e-01 -4.902925225e+01 -4.902925225e+01 +4.8114e+00 +8.9604e-01
165 0 +4.518646383e-02 -4.908481354e+01 -4.908481354e+01 +4.7910e+00 +9.0096e-01
180 0 +3.606838523e-02 -4.909393161e+01 -4.909393161e+01 +4.7940e+00 +9.0384e-01
185 0 +3.104947620e-02 -4.909895052e+01 -4.909895052e+01 +4.7956e+00 +9.0477e-01
187 0 +3.023452593e-02 -4.909976547e+01 -4.909976547e+01 +4.7944e+00 +9.0373e-01
189 0 +2.976452137e-02 -4.910023548e+01 -4.910023548e+01 +4.7945e+00 +9.0404e-01
191 0 +2.783775968e-02 -4.910216224e+01 -4.910216224e+01 +4.7939e+00 +9.0345e-01
198 0 +2.663242260e-02 -4.910336758e+01 -4.910336758e+01 +4.7941e+00 +9.0359e-01
211 0 +2.611950453e-02 -4.910388050e+01 -4.910388050e+01 +4.7940e+00 +9.0353e-01
% f evaluations | g evaluations | best noise-free fitness - Fopt (-1.418900000000e+02) + sum g_i+ | measured fitness | best measured fitness or single-digit g-values | x1 | x2...
1 0 +7.898968867e+01 -6.290031133e+01 -6.290031133e+01 +0.0000e+00 +0.0000e+00
3 0 +7.833682434e+01 -6.355317566e+01 -6.355317566e+01 +0.0000e+00 +2.5000e-04
59 0 +2.065787833e+01 -1.212321217e+02 -1.212321217e+02 +5.4902e-02 +1.7438e+00
60 0 +1.997082754e+01 -1.219191725e+02 -1.219191725e+02 +5.7647e-02 +1.7438e+00
63 0 +1.102720887e+01 -1.308627911e+02 -1.308627911e+02 +5.5589e-02 +1.7874e+00
64 0 +1.092139624e+01 -1.309686038e+02 -1.309686038e+02 +5.8334e-02 +1.7874e+00
77 0 +1.040366262e+01 -1.314863374e+02 -1.314863374e+02 +5.7669e-02 +1.7860e+00
80 0 +1.021789122e+01 -1.316721088e+02 -1.316721088e+02 +5.8344e-02 +1.7867e+00
83 0 +9.923804611e+00 -1.319661954e+02 -1.319661954e+02 +5.8524e-02 +1.7862e+00
110 0 +9.771912389e+00 -1.321180876e+02 -1.321180876e+02 +5.8919e-02 +1.7863e+00
414 0 +8.608244567e+00 -1.332817554e+02 -1.332817554e+02 +2.2016e+00 -2.1416e+00
425 0 +8.475823978e+00 -1.334141760e+02 -1.334141760e+02 +2.2018e+00 -2.1411e+00
434 0 +8.284264102e+00 -1.336057359e+02 -1.336057359e+02 +2.2001e+00 -2.1401e+00
% f evaluations | g evaluations | best noise-free fitness - Fopt (1.095700000000e+02) + sum g_i+ | measured fitness | best measured fitness or single-digit g-values | x1 | x2...
1 0 +2.080087885e+01 +1.303708789e+02 +1.303708789e+02 +0.0000e+00 +0.0000e+00
2 0 +2.080084549e+01 +1.303708455e+02 +1.303708455e+02 +2.5000e-04 +0.0000e+00
5 0 +2.034675472e+01 +1.299167547e+02 +1.299167547e+02 +0.0000e+00 +5.0000e-04
138 0 +1.634076922e+01 +1.259107692e+02 +1.259107692e+02 +1.0586e-01 +4.2876e+00
140 0 +1.057417195e+01 +1.201441719e+02 +1.201441719e+02 +1.0586e-01 +4.5020e+00
141 0 +9.488075587e+00 +1.190580756e+02 +1.190580756e+02 +1.0057e-01 +4.5020e+00
152 0 +8.811236121e+00 +1.183812361e+02 +1.183812361e+02 +1.0172e-01 +4.5154e+00
165 0 +8.697577043e+00 +1.182675770e+02 +1.182675770e+02 +1.0207e-01 +4.5146e+00
332 0 +8.365726377e+00 +1.179357264e+02 +1.179357264e+02 -2.2121e+00 +3.8881e-01
340 0 +7.949033910e+00 +1.175190339e+02 +1.175190339e+02 -2.2127e+00 +3.9731e-01
345 0 +7.900982501e+00 +1.174709825e+02 +1.174709825e+02 -2.2126e+00 +3.9821e-01
350 0 +7.607953075e+00 +1.171779531e+02 +1.171779531e+02 -2.2125e+00 +3.9770e-01
355 0 +7.578626627e+00 +1.171486266e+02 +1.171486266e+02 -2.2125e+00 +3.9687e-01
% f evaluations | g evaluations | best noise-free fitness - Fopt (7.836000000000e+01) + sum g_i+ | measured fitness | best measured fitness or single-digit g-values | x1 | x2...
1 0 +1.865725538e+02 +2.649325538e+02 +2.649325538e+02 +0.0000e+00 +0.0000e+00
4 0 +1.835773272e+02 +2.619373272e+02 +2.619373272e+02 +2.5000e-04 -2.5000e-04
50 0 +2.079464163e+01 +9.915464163e+01 +9.915464163e+01 -2.1280e+00 +7.1567e-01
51 0 +1.589140352e+01 +9.425140352e+01 +9.425140352e+01 -2.2344e+00 +7.1567e-01
58 0 +1.437354414e+01 +9.273354414e+01 +9.273354414e+01 -2.1945e+00 +7.2014e-01
60 0 +1.293942502e+01 +9.129942502e+01 +9.129942502e+01 -2.1978e+00 +7.2573e-01
68 0 +1.274515401e+01 +9.110515401e+01 +9.110515401e+01 -2.2207e+00 +7.2391e-01
70 0 +1.194839367e+01 +9.030839367e+01 +9.030839367e+01 -2.2090e+00 +7.2224e-01
73 0 +1.141288590e+01 +8.977288590e+01 +8.977288590e+01 -2.2063e+00 +7.2440e-01
81 0 +1.085611827e+01 +8.921611827e+01 +8.921611827e+01 -2.2083e+00 +7.2391e-01
91 0 +1.067506686e+01 +8.903506686e+01 +8.903506686e+01 -2.2087e+00 +7.2375e-01
250 0 +1.029787940e+01 +8.865787940e+01 +8.865787940e+01 +2.4294e+00 +4.0616e+00
254 0 +1.018313850e+01 +8.854313850e+01 +8.854313850e+01 +2.4190e+00 +4.0617e+00
256 0 +9.156685722e+00 +8.751668572e+01 +8.751668572e+01 +2.4254e+00 +4.0622e+00
278 0 +9.077083486e+00 +8.743708349e+01 +8.743708349e+01 +2.4258e+00 +4.0623e+00
% f evaluations | g evaluations | best noise-free fitness - Fopt (1.140900000000e+02) + sum g_i+ | measured fitness | best measured fitness or single-digit g-values | x1 | x2...
1 0 +9.389801110e+01 +2.079880111e+02 +2.079880111e+02 +0.0000e+00 +0.0000e+00
3 0 +9.354032380e+01 +2.076303238e+02 +2.076303238e+02 +0.0000e+00 +2.5000e-04
6 0 +9.330162328e+01 +2.073916233e+02 +2.073916233e+02 +1.2500e-04 +6.2500e-05
140 0 +6.397392559e+01 +1.780639256e+02 +1.780639256e+02 -1.3384e+00 -5.6355e-01
142 0 +5.685445882e+01 +1.709444588e+02 +1.709444588e+02 -1.3384e+00 -5.9172e-01
147 0 +5.245503340e+01 +1.665450334e+02 +1.665450334e+02 -1.3384e+00 -5.7763e-01
160 0 +4.957155661e+01 +1.636615566e+02 +1.636615566e+02 -1.3387e+00 -5.8198e-01
178 0 +4.884906607e+01 +1.629390661e+02 +1.629390661e+02 -1.3394e+00 -5.8454e-01
239 0 +4.675073259e+01 +1.608407326e+02 +1.608407326e+02 -2.5006e+00 +1.4633e+00
242 0 +4.460026451e+01 +1.586902645e+02 +1.586902645e+02 -2.5024e+00 +1.4736e+00
253 0 +4.239415197e+01 +1.564841520e+02 +1.564841520e+02 -2.5022e+00 +1.4810e+00
278 0 +4.155384793e+01 +1.556438479e+02 +1.556438479e+02 -2.5022e+00 +1.4853e+00
% f evaluations | g evaluations | best noise-free fitness - Fopt (-5.445900000000e+02) + sum g_i+ | measured fitness | best measured fitness or single-digit g-values | x1 | x2...
1 0 +9.020023900e+01 -4.543897610e+02 -4.543897610e+02 +0.0000e+00 +0.0000e+00
2 0 +8.946581235e+01 -4.551241877e+02 -4.551241877e+02 +2.5000e-04 +0.0000e+00
6 0 +8.910803176e+01 -4.554819682e+02 -4.554819682e+02 +6.2500e-05 +6.2500e-05
76 0 +1.592518244e+01 -5.286648176e+02 -5.286648176e+02 -2.3015e+00 -1.7196e+00
78 0 +1.418203870e+01 -5.304079613e+02 -5.304079613e+02 -2.3015e+00 -1.8056e+00
79 0 +1.267993179e+01 -5.319100682e+02 -5.319100682e+02 -2.1864e+00 -1.8056e+00
82 0 +8.806093744e+00 -5.357839063e+02 -5.357839063e+02 -2.2727e+00 -1.7626e+00
92 0 +7.591191917e+00 -5.369988081e+02 -5.369988081e+02 -2.2673e+00 -1.7760e+00
94 0 +7.424276354e+00 -5.371657236e+02 -5.371657236e+02 -2.2785e+00 -1.7767e+00
96 0 +7.377750300e+00 -5.372122497e+02 -5.372122497e+02 -2.2730e+00 -1.7832e+00
98 0 +6.226074897e+00 -5.383639251e+02 -5.383639251e+02 -2.2715e+00 -1.7780e+00
99 0 +5.948392781e+00 -5.386416072e+02 -5.386416072e+02 -2.2660e+00 -1.7846e+00
105 0 +5.803664914e+00 -5.387863351e+02 -5.387863351e+02 -2.2622e+00 -1.7873e+00
106 0 +5.148252936e+00 -5.394417471e+02 -5.394417471e+02 -2.2576e+00 -1.7920e+00
117 0 +5.067944894e+00 -5.395220551e+02 -5.395220551e+02 -2.2584e+00 -1.7915e+00
126 0 +5.010041713e+00 -5.395799583e+02 -5.395799583e+02 -2.2580e+00 -1.7917e+00
155 0 +4.896672653e+00 -5.396933273e+02 -5.396933273e+02 -2.2580e+00 -1.7918e+00
