% f evaluations | g evaluations | best noise-free fitness - Fopt (1.000000000000e+03) + sum g_i+ | measured fitness | best measured fitness or single-digit g-values | x1 | x2...
1 0 +4.236494560e+02 +1.423649456e+03 +1.423649456e+03 +0.0000e+00 +0.0000e+00 +0.0000e+00
3 0 +4.236432488e+02 +1.423643249e+03 +1.423643249e+03 +0.0000e+00 +2.5000e-04 +0.0000e+00
46 0 +4.159485585e+02 +1.415948558e+03 +1.415948558e+03 -8.1574e-02 +4.6824e-02 +1.4102e-02
50 0 +4.030155251e+02 +1.403015525e+03 +1.403015525e+03 -1.8078e-01 +1.0978e-01 +2.6944e-02
52 0 +3.976994008e+02 +1.397699401e+03 +1.397699401e+03 -2.4167e-01 +1.6067e-01 +2.0917e-02
54 0 +3.791997327e+02 +1.379199733e+03 +1.379199733e+03 -3.9513e-01 +2.5138e-01 +4.4991e-02
56 0 +3.624172698e+02 +1.362417270e+03 +1.362417270e+03 -5.4591e-01 +3.7266e-01 +4.2185e-02
58 0 +2.967477543e+02 +1.296747754e+03 +1.296747754e+03 -8.2115e-01 +5.6515e-01 +5.4204e-02
60 0 +2.670120845e+02 +1.267012085e+03 +1.267012085e+03 -1.1383e+00 +7.9524e-01 +6.8159e-02
61 0 +2.527091242e+02 +1.252709124e+03 +1.252709124e+03 -1.5099e+00 +1.0672e+00 +7.9744e-02
62 0 +2.188015631e+02 +1.218801563e+03 +1.218801563e+03 -1.6302e+00 +1.1370e+00 +9.6004e-02
63 0 +1.922756312e+02 +1.192275631e+03 +1.192275631e+03 -2.1724e+00 +1.5191e+00 +1.2291e-01
65 0 +1.573170644e+02 +1.157317064e+03 +1.157317064e+03 -3.0132e+00 +2.1383e+00 +1.4617e-01
66 0 +1.064037078e+02 +1.106403708e+03 +1.106403708e+03 -4.1092e+00 +2.9248e+00 +1.9215e-01
68 0 +4.996586574e+01 +1.049965866e+03 +1.049965866e+03 -5.3309e+00 +3.7785e+00 +2.5348e-01
69 0 +3.097541725e+01 +1.030975417e+03 +1.030975417e+03 -5.6724e+00 +4.0128e+00 +2.8113e-01
99 0 +3.083006829e+01 +1.030830068e+03 +1.030830068e+03 -5.6727e+00 +4.0196e+00 +2.7467e-01
121 0 +3.014799396e+01 +1.030147994e+03 +1.030147994e+03 -5.6413e+00 +4.0479e+00 +2.2099e-01
507 0 +2.778596992e+01 +1.027785970e+03 +1.027785970e+03 -6.1019e-01 +1.8697e+00 +4.0389e+00
534 0 +2.220260783e+01 +1.022202608e+03 +1.022202608e+03 -6.0415e-01 +1.8620e+00 +3.9805e+00
546 0 +2.186301887e+01 +1.021863019e+03 +1.021863019e+03 -6.0485e-01 +1.8669e+00 +3.9753e+00
555 0 +2.124072094e+01 +1.021240721e+03 +1.021240721e+03 -6.0365e-01 +1.8881e+00 +3.9640e+00
% f evaluations | g evaluations | best noise-free fitness - Fopt (7.003000000000e+01) + sum g_i+ | measured fitness | best measured fitness or single-digit g-values | x1 | x2...
1 0 +1.296769467e+02 +1.997069467e+02 +1.997069467e+02 +0.0000e+00 +0.0000e+00 +0.0000e+00
3 0 +1.296495102e+02 +1.996795102e+02 +1.996795102e+02 +0.0000e+00 +2.5000e-04 +0.0000e+00
16 0 +1.287079121e+02 +1.987379121e+02 +1.987379121e+02 -4.5000e-03 +3.5000e-03 -2.5000e-04
23 0 +1.257408337e+02 +1.957708337e+02 +1.957708337e+02 -1.7833e-02 +1.3500e-02 -2.9167e-03
26 0 +1.218851859e+02 +1.919151859e+02 +1.919151859e+02 -3.7000e-02 +2.9000e-02 -6.0000e-03
28 0 +1.196495046e+02 +1.896795046e+02 +1.896795046e+02 -5.8000e-02 +4.3250e-02 -8.0000e-03
72 0 +1.171185328e+02 +1.871485328e+02 +1.871485328e+02 -3.0271e-02 +9.0679e-02 -1.9614e-02
77 0 +1.147955546e+02 +1.848255546e+02 +1.848255546e+02 +3.2377e-02 +1.5604e-01 -3.4420e-02
103 0 +1.118919871e+02 +1.819219871e+02 +1.819219871e+02 +5.0979e-02 +2.2008e-01 -2.4510e-02
110 0 +1.095197652e+02 +1.795497652e+02 +1.795497652e+02 +5.7880e-02 +2.2028e-01 +7.7778e-03
181 0 +9.477184058e+01 +1.648018406e+02 +1.648018406e+02 -1.2245e-01 -1.6679e+00 +7.2096e-01
184 0 +9.163434023e+01 +1.616643402e+02 +1.616643402e+02 -1.1905e-01 -1.6767e+00 +6.9693e-01
189 0 +9.111085983e+01 +1.611408598e+02 +1.611408598e+02 -1.2095e-01 -1.6936e+00 +7.0917e-01
237 0 +8.908104674e+01 +1.591110467e+02 +1.591110467e+02 -1.5229e-01 -1.7295e+00 +7.0170e-01
311 0 +8.707164032e+01 +1.571016403e+02 +1.571016403e+02 +9.7742e-01 +4.5320e-01 -5.5385e-01
316 0 +8.470627573e+01 +1.547362757e+02 +1.547362757e+02 +9.5262e-01 +4.7754e-01 -5.8708e-01
337 0 +8.283716167e+01 +1.528671617e+02 +1.528671617e+02 +8.9742e-01 +4.5014e-01 -5.8120e-01
339 0 +8.099370246e+01 +1.510237025e+02 +1.510237025e+02 +8.7424e-01 +4.2415e-01 -5.7024e-01
340 0 +7.876223369e+01 +1.487922337e+02 +1.487922337e+02 +8.5092e-01 +4.0235e-01 -5.5789e-01
342 0 +7.755347276e+01 +1.475834728e+02 +1.475834728e+02 +8.2611e-01 +4.0048e-01 -5.3627e-01
344 0 +7.292564652e+01 +1.429556465e+02 +1.429556465e+02 +7.8561e-01 +3.5177e-01 -5.0380e-01
345 0 +7.198758835e+01 +1.420175883e+02 +1.420175883e+02 +7.3566e-01 +3.0383e-01 -4.6956e-01
349 0 +6.963766671e+01 +1.396676667e+02 +1.396676667e+02 +7.0941e-01 +2.7092e-01 -4.7250e-01
354 0 +6.816500589e+01 +1.381950059e+02 +1.381950059e+02 +7.4959e-01 +2.9529e-01 -4.9495e-01
356 0 +6.740684969e+01 +1.374368497e+02 +1.374368497e+02 +7.2878e-01 +2.4440e-01 -4.6859e-01
358 0 +6.601138976e+01 +1.360413898e+02 +1.360413898e+02 +7.0121e-01 +2.3904e-01 -4.9217e-01
734 0 +5.109198118e+01 +1.211219812e+02 +1.211219812e+02 -1.2058e+00 -2.6715e+00 -1.1339e+00
736 0 +4.563905063e+01 +1.156690506e+02 +1.156690506e+02 -1.1455e+00 -2.6291e+00 -1.1717e+00
738 0 +4.157130649e+01 +1.116013065e+02 +1.116013065e+02 -1.1656e+00 -2.6856e+00 -1.1969e+00
748 0 +4.072294661e+01 +1.107529466e+02 +1.107529466e+02 -1.1429e+00 -2.6455e+00 -1.2121e+00
755 0 +3.970598906e+01 +1.097359891e+02 +1.097359891e+02 -1.1084e+00 -2.6235e+00 -1.2248e+00
758 0 +3.832400324e+01 +1.083540032e+02 +1.083540032e+02 -1.0701e+00 -2.5772e+00 -1.2344e+00
759 0 +3.587737120e+01 +1.059073712e+02 +1.059073712e+02 -1.0337e+00 -2.5430e+00 -1.2455e+00
762 0 +3.160671701e+01 +1.016367170e+02 +1.016367170e+02 -9.6929e-01 -2.5020e+00 -1.2548e+00
764 0 +2.958794374e+01 +9.961794374e+01 +9.961794374e+01 -9.6673e-01 -2.4801e+00 -1.2756e+00
766 0 +2.900947193e+01 +9.903947193e+01 +9.903947193e+01 -9.5118e-01 -2.4596e+00 -1.2677e+00
% f evaluations | g evaluations | best noise-free fitness - Fopt (-4.822000000000e+01) + sum g_i+ | measured fitness | best measured fitness or single-digit g-values | x1 | x2...
1 0 +2.095914222e+02 +1.613714222e+02 +1.613714222e+02 +0.0000e+00 +0.0000e+00 +0.0000e+00
2 0 +2.095718593e+02 +1.613518593e+02 +1.613518593e+02 +2.5000e-04 +0.0000e+00 +0.0000e+00
18 0 +2.088075176e+02 +1.605875176e+02 +1.605875176e+02 +9.1667e-04 +2.0000e-03 +3.6667e-03
27 0 +2.041664983e+02 +1.559464983e+02 +1.559464983e+02 +6.6667e-03 +1.2000e-02 +2.1917e-02
30 0 +1.983394938e+02 +1.501194938e+02 +1.501194938e+02 +1.3250e-02 +2.3917e-02 +4.7583e-02
65 0 +1.947478557e+02 +1.465278557e+02 +1.465278557e+02 +1.1505e-02 +4.9615e-02 +7.6784e-02
72 0 +1.905075637e+02 +1.422875637e+02 +1.422875637e+02 -1.4273e-02 +8.1824e-02 +9.3194e-02
75 0 +1.858417882e+02 +1.376217882e+02 +1.376217882e+02 -4.2580e-02 +1.1006e-01 +1.0078e-01
78 0 +1.816952169e+02 +1.334752169e+02 +1.334752169e+02 -1.0131e-01 +1.7925e-01 +1.3303e-01
212 0 +7.855865915e+01 +3.033865915e+01 +3.033865915e+01 -1.9781e+00 -2.5137e+00 +5.0487e-01
213 0 +6.947901954e+01 +2.125901954e+01 +2.125901954e+01 -2.0770e+00 -2.5137e+00 +5.0487e-01
217 0 +5.925698603e+01 +1.103698603e+01 +1.103698603e+01 -2.0880e+00 -2.6534e+00 +4.9085e-01
219 0 +4.198260363e+01 -6.237396369e+00 -6.237396369e+00 -2.1612e+00 -2.5370e+00 +5.0674e-01
220 0 +3.440562480e+01 -1.381437520e+01 -1.381437520e+01 -2.2528e+00 -2.4858e+00 +5.0768e-01
226 0 +3.345227468e+01 -1.476772532e+01 -1.476772532e+01 -2.1869e+00 -2.4858e+00 +4.9926e-01
229 0 +3.195447766e+01 -1.626552234e+01 -1.626552234e+01 -2.2471e+00 -2.4087e+00 +5.2430e-01
232 0 +3.074437543e+01 -1.747562457e+01 -1.747562457e+01 -2.2558e+00 -2.4291e+00 +5.0539e-01
238 0 +3.008972855e+01 -1.813027145e+01 -1.813027145e+01 -2.2427e+00 -2.4298e+00 +5.1550e-01
421 0 +2.625308215e+01 -2.196691785e+01 -2.196691785e+01 -1.8364e+00 -1.8375e+00 -2.0103e+00
422 0 +1.936740495e+01 -2.885259505e+01 -2.885259505e+01 -1.8023e+00 -1.7998e+00 -1.5077e+00
429 0 +1.602270055e+01 -3.219729945e+01 -3.219729945e+01 -1.6886e+00 -1.7534e+00 -1.0889e+00
431 0 +1.118384114e+01 -3.703615886e+01 -3.703615886e+01 -1.7722e+00 -1.8142e+00 -1.5999e+00
433 0 +7.294249887e+00 -4.092575011e+01 -4.092575011e+01 -1.6939e+00 -1.8045e+00 -1.1853e+00
455 0 +7.127809096e+00 -4.109219090e+01 -4.109219090e+01 -1.6943e+00 -1.8182e+00 -1.1948e+00
457 0 +6.977248597e+00 -4.124275140e+01 -4.124275140e+01 -1.6876e+00 -1.8299e+00 -1.1934e+00
461 0 +6.854459291e+00 -4.136554071e+01 -4.136554071e+01 -1.6943e+00 -1.8378e+00 -1.2290e+00
462 0 +6.690727225e+00 -4.152927277e+01 -4.152927277e+01 -1.6989e+00 -1.8486e+00 -1.2622e+00
470 0 +6.528132714e+00 -4.169186729e+01 -4.169186729e+01 -1.6972e+00 -1.8609e+00 -1.2787e+00
487 0 +6.436618055e+00 -4.178338194e+01 -4.178338194e+01 -1.6930e+00 -1.8621e+00 -1.2736e+00
494 0 +6.289138874e+00 -4.193086113e+01 -4.193086113e+01 -1.6866e+00 -1.8617e+00 -1.2676e+00
500 0 +6.102283773e+00 -4.211771623e+01 -4.211771623e+01 -1.6777e+00 -1.8618e+00 -1.2670e+00
505 0 +5.977237167e+00 -4.224276283e+01 -4.224276283e+01 -1.6762e+00 -1.8616e+00 -1.2905e+00
% f evaluations | g evaluations | best noise-free fitness - Fopt (2.547000000000e+01) + sum g_i+ | measured fitness | best measured fitness or single-digit g-values | x1 | x2...
1 0 +3.449735612e+02 +3.704435612e+02 +3.704435612e+02 +0.0000e+00 +0.0000e+00 +0.0000e+00
4 0 +3.449465024e+02 +3.704165024e+02 +3.704165024e+02 +0.0000e+00 +0.0000e+00 +2.5000e-04
20 0 +3.387198760e+02 +3.641898760e+02 +3.641898760e+02 -1.0000e-02 -2.0000e-03 +8.2500e-03
24 0 +3.295652698e+02 +3.550352698e+02 +3.550352698e+02 -2.4500e-02 -4.2500e-03 +1.8500e-02
26 0 +3.214595463e+02 +3.469295463e+02 +3.469295463e+02 -3.7000e-02 -6.0000e-03 +2.9000e-02
28 0 +3.093800066e+02 +3.348500066e+02 +3.348500066e+02 -5.8000e-02 -8.0000e-03 +4.3250e-02
29 0 +3.062631271e+02 +3.317331271e+02 +3.317331271e+02 -6.3167e-02 -1.0417e-02 +4.8250e-02
30 0 +2.964915405e+02 +3.219615405e+02 +3.219615405e+02 -8.6500e-02 -1.4750e-02 +6.6250e-02
31 0 +2.938397323e+02 +3.193097323e+02 +3.193097323e+02 -9.6500e-02 -1.4917e-02 +7.3833e-02
207 0 +2.505012683e+02 +2.759712683e+02 +2.759712683e+02 -1.9883e+00 +3.6825e-01 +1.0935e+00
208 0 +2.191470175e+02 +2.446170175e+02 +2.446170175e+02 -2.1492e+00 +1.9634e-01 +1.0848e+00
211 0 +1.716734940e+02 +1.971434940e+02 +1.971434940e+02 -2.4172e+00 -7.5973e-02 +1.1211e+00
212 0 +1.438801139e+02 +1.693501139e+02 +1.693501139e+02 -2.7293e+00 -3.7769e-01 +1.0971e+00
214 0 +1.287939734e+02 +1.542639734e+02 +1.542639734e+02 -2.8796e+00 -5.0667e-01 +9.9035e-01
215 0 +6.303268856e+01 +8.850268856e+01 +8.850268856e+01 -3.2560e+00 -8.2952e-01 +8.8609e-01
216 0 +4.828188015e+01 +7.375188015e+01 +7.375188015e+01 -3.5954e+00 -1.2479e+00 +9.7190e-01
219 0 +4.757691711e+01 +7.304691711e+01 +7.304691711e+01 -4.3419e+00 -1.8517e+00 +7.2034e-01
220 0 +4.445353417e+01 +6.992353417e+01 +6.992353417e+01 -5.1483e+00 -2.5886e+00 +5.3197e-01
223 0 +3.585914781e+01 +6.132914781e+01 +6.132914781e+01 -4.1812e+00 -1.7015e+00 +8.0060e-01
227 0 +3.227950666e+01 +5.774950666e+01 +5.774950666e+01 -4.1347e+00 -1.7072e+00 +8.3000e-01
230 0 +1.842863380e+01 +4.389863380e+01 +4.389863380e+01 -3.9301e+00 -1.5147e+00 +9.1517e-01
257 0 +1.819304195e+01 +4.366304195e+01 +4.366304195e+01 -3.9515e+00 -1.5295e+00 +9.0582e-01
261 0 +1.741201759e+01 +4.288201759e+01 +4.288201759e+01 -3.9388e+00 -1.5189e+00 +9.0963e-01
268 0 +1.700919797e+01 +4.247919797e+01 +4.247919797e+01 -3.9407e+00 -1.5228e+00 +9.1124e-01
269 0 +1.668708328e+01 +4.215708328e+01 +4.215708328e+01 -3.9391e+00 -1.5245e+00 +9.1483e-01
273 0 +1.636369711e+01 +4.183369711e+01 +4.183369711e+01 -3.9411e+00 -1.5295e+00 +9.1823e-01
275 0 +1.574385991e+01 +4.121385991e+01 +4.121385991e+01 -3.9390e+00 -1.5345e+00 +9.2569e-01
276 0 +1.514058782e+01 +4.061058782e+01 +4.061058782e+01 -3.9367e+00 -1.5402e+00 +9.3437e-01
278 0 +1.493039086e+01 +4.040039086e+01 +4.040039086e+01 -3.9362e+00 -1.5431e+00 +9.3858e-01
279 0 +1.433160547e+01 +3.980160547e+01 +3.980160547e+01 -3.9324e+00 -1.5484e+00 +9.4889e-01
281 0 +1.372798175e+01 +3.919798175e+01 +3.919798175e+01 -3.9260e+00 -1.5546e+00 +9.6248e-01
283 0 +1.337904718e+01 +3.884904718e+01 +3.884904718e+01 -3.9188e+00 -1.5712e+00 +9.8913e-01
341 0 +1.316189223e+01 +3.863189223e+01 +3.863189223e+01 -3.9124e+00 -1.5720e+00 +9.8285e-01
% f evaluations | g evaluations | best noise-free fitness - Fopt (-1.008100000000e+02) + sum g_i+ | measured fitness | best measured fitness or single-digit g-values | x1 | x2...
1 0 +4.702658538e+01 -5.378341462e+01 -5.378341462e+01 +0.0000e+00 +0.0000e+00 +0.0000e+00
2 0 +4.702343265e+01 -5.378656735e+01 -5.378656735e+01 +2.5000e-04 +0.0000e+00 +0.0000e+00
13 0 +4.668341665e+01 -5.412658335e+01 -5.412658335e+01 +4.7222e-04 -2.2778e-03 +1.5833e-03
20 0 +4.557867236e+01 -5.523132764e+01 -5.523132764e+01 +2.6667e-03 -1.1000e-02 +6.5833e-03
24 0 +4.440702179e+01 -5.640297821e+01 -5.640297821e+01 +6.7500e-03 -2.3500e-02 +1.3500e-02
26 0 +4.360601772e+01 -5.720398228e+01 -5.720398228e+01 +1.0333e-02 -3.7667e-02 +2.1000e-02
45 0 +4.260573079e+01 -5.820426921e+01 -5.820426921e+01 +2.4155e-02 -6.4128e-02 +2.7917e-02
50 0 +4.163735516e+01 -5.917264484e+01 -5.917264484e+01 +3.9577e-02 -8.3048e-02 +2.5938e-02
52 0 +4.057778676e+01 -6.023221324e+01 -6.023221324e+01 +5.3143e-02 -9.7244e-02 +2.0280e-02
54 0 +3.961019317e+01 -6.119980683e+01 -6.119980683e+01 +6.4133e-02 -1.0465e-01 +1.3815e-02
55 0 +3.830900489e+01 -6.250099511e+01 -6.250099511e+01 +7.6280e-02 -1.0730e-01 +1.0627e-03
56 0 +3.783974868e+01 -6.297025132e+01 -6.297025132e+01 +8.8864e-02 -1.3711e-01 +1.0614e-02
57 0 +3.569893648e+01 -6.511106352e+01 -6.511106352e+01 +1.1351e-01 -1.6414e-01 +2.9527e-03
59 0 +3.455125504e+01 -6.625874496e+01 -6.625874496e+01 +1.3919e-01 -1.6378e-01 -2.9129e-02
63 0 +3.299707443e+01 -6.781292557e+01 -6.781292557e+01 +1.7508e-01 -2.2610e-01 -2.0188e-02
68 0 +3.233904501e+01 -6.847095499e+01 -6.847095499e+01 +1.9016e-01 -2.6886e-01 -3.7197e-03
73 0 +3.160517282e+01 -6.920482718e+01 -6.920482718e+01 +2.1300e-01 -3.4964e-01 +3.8078e-02
123 0 +3.088643543e+01 -6.992356457e+01 -6.992356457e+01 +2.1965e-01 -3.9594e-01 +5.6070e-02
129 0 +3.009260657e+01 -7.071739343e+01 -7.071739343e+01 +2.2393e-01 -4.2410e-01 +4.9291e-02
133 0 +2.915902811e+01 -7.165097189e+01 -7.165097189e+01 +2.4630e-01 -4.9512e-01 +4.5433e-02
134 0 +2.807642500e+01 -7.273357500e+01 -7.273357500e+01 +2.3649e-01 -4.9456e-01 +4.0710e-02
135 0 +2.694748416e+01 -7.386251584e+01 -7.386251584e+01 +2.4220e-01 -5.3210e-01 +3.1671e-02
141 0 +2.569966884e+01 -7.511033116e+01 -7.511033116e+01 +2.4627e-01 -5.4557e-01 +2.1502e-02
151 0 +2.447437727e+01 -7.633562273e+01 -7.633562273e+01 +2.3885e-01 -5.5520e-01 +1.2235e-02
152 0 +2.391119848e+01 -7.689880152e+01 -7.689880152e+01 +2.3830e-01 -5.5882e-01 +7.1201e-03
157 0 +2.318661530e+01 -7.762338470e+01 -7.762338470e+01 +2.1780e-01 -5.4541e-01 +5.0679e-03
159 0 +2.253380517e+01 -7.827619483e+01 -7.827619483e+01 +2.1829e-01 -5.3647e-01 +3.7211e-03
160 0 +2.184352896e+01 -7.896647104e+01 -7.896647104e+01 +2.0958e-01 -5.2721e-01 -1.2850e-03
164 0 +2.092153084e+01 -7.988846916e+01 -7.988846916e+01 +1.9076e-01 -5.1925e-01 -1.6677e-02
165 0 +2.037471107e+01 -8.043528893e+01 -8.043528893e+01 +1.8786e-01 -5.2308e-01 -2.7381e-02
170 0 +1.902393790e+01 -8.178606210e+01 -8.178606210e+01 +2.0382e-01 -5.4143e-01 -5.2011e-02
174 0 +1.764257348e+01 -8.316742652e+01 -8.316742652e+01 +1.9416e-01 -5.0974e-01 -8.4654e-02
182 0 +1.670513120e+01 -8.410486880e+01 -8.410486880e+01 +1.5946e-01 -4.3999e-01 -1.4747e-01
183 0 +1.635919850e+01 -8.445080150e+01 -8.445080150e+01 +1.3973e-01 -4.0173e-01 -1.9108e-01
184 0 +1.611310078e+01 -8.469689922e+01 -8.469689922e+01 +1.3053e-01 -4.1330e-01 -1.8372e-01
% f evaluations | g evaluations | best noise-free fitness - Fopt (-3.531300000000e+02) + sum g_i+ | measured fitness | best measured fitness or single-digit g-values | x1 | x2...
1 0 +4.611803948e+01 -3.070119605e+02 -3.070119605e+02 +0.0000e+00 +0.0000e+00 +0.0000e+00
4 0 +4.609735764e+01 -3.070326424e+02 -3.070326424e+02 +0.0000e+00 +0.0000e+00 +2.5000e-04
17 0 +4.566639966e+01 -3.074636003e+02 -3.074636003e+02 -1.9444e-03 -2.5000e-03 +3.9444e-03
24 0 +4.422786152e+01 -3.089021385e+02 -3.089021385e+02 -8.5000e-03 -1.2250e-02 +1.8833e-02
27 0 +4.353639648e+01 -3.095936035e+02 -3.095936035e+02 -1.3222e-02 -2.1000e-02 +3.0806e-02
72 0 +4.250222444e+01 -3.106277756e+02 -3.106277756e+02 -2.9117e-02 -1.4132e-02 +5.7333e-02
76 0 +4.149192082e+01 -3.116380792e+02 -3.116380792e+02 -3.9665e-02 +6.8763e-03 +7.4939e-02
79 0 +4.054556521e+01 -3.125844348e+02 -3.125844348e+02 -5.8066e-02 +3.1341e-02 +9.9868e-02
82 0 +3.958779870e+01 -3.135422013e+02 -3.135422013e+02 -1.0414e-01 +8.2479e-02 +1.7342e-01
92 0 +3.872313996e+01 -3.144068600e+02 -3.144068600e+02 -1.1899e-01 +1.1432e-01 +1.8511e-01
102 0 +3.768958956e+01 -3.154404104e+02 -3.154404104e+02 -1.3115e-01 +1.6330e-01 +1.8506e-01
112 0 +3.710395311e+01 -3.160260469e+02 -3.160260469e+02 -1.4031e-01 +1.7353e-01 +1.8637e-01
125 0 +3.624482610e+01 -3.168851739e+02 -3.168851739e+02 -1.5415e-01 +1.9137e-01 +1.8480e-01
130 0 +3.512757981e+01 -3.180024202e+02 -3.180024202e+02 -1.6588e-01 +2.0539e-01 +1.7630e-01
131 0 +3.446885274e+01 -3.186611473e+02 -3.186611473e+02 -1.6958e-01 +1.9156e-01 +1.7418e-01
133 0 +3.376720800e+01 -3.193627920e+02 -3.193627920e+02 -1.6012e-01 +1.4567e-01 +1.6511e-01
134 0 +3.303418270e+01 -3.200958173e+02 -3.200958173e+02 -1.7647e-01 +2.0775e-01 +1.5501e-01
135 0 +3.224742457e+01 -3.208825754e+02 -3.208825754e+02 -1.8746e-01 +2.2188e-01 +1.4040e-01
136 0 +3.143837145e+01 -3.216916285e+02 -3.216916285e+02 -1.7806e-01 +1.2910e-01 +1.5022e-01
138 0 +2.963144865e+01 -3.234985514e+02 -3.234985514e+02 -1.8084e-01 +1.3954e-01 +1.2964e-01
139 0 +2.808423735e+01 -3.250457627e+02 -3.250457627e+02 -1.8647e-01 +1.1354e-01 +1.0737e-01
140 0 +2.653360771e+01 -3.265963923e+02 -3.265963923e+02 -2.0787e-01 +1.6400e-01 +1.0022e-01
141 0 +2.480114822e+01 -3.283288518e+02 -3.283288518e+02 -2.3175e-01 +1.7317e-01 +6.7776e-02
143 0 +1.993100364e+01 -3.331989964e+02 -3.331989964e+02 -2.4079e-01 +9.8916e-02 +1.7549e-02
144 0 +1.711945799e+01 -3.360105420e+02 -3.360105420e+02 -2.7216e-01 +8.3825e-02 -4.8784e-02
157 0 +1.695866116e+01 -3.361713388e+02 -3.361713388e+02 -2.8553e-01 +7.4316e-02 -5.9008e-02
518 0 +9.293234107e+00 -3.438367659e+02 -3.438367659e+02 -1.7543e+00 +9.6033e-01 -2.4513e+00
519 0 +8.506222978e+00 -3.446237770e+02 -3.446237770e+02 -1.6620e+00 +9.7582e-01 -2.4908e+00
525 0 +8.182322830e+00 -3.449476772e+02 -3.449476772e+02 -1.7440e+00 +9.8614e-01 -2.4513e+00
528 0 +8.011218465e+00 -3.451187815e+02 -3.451187815e+02 -1.6799e+00 +1.0003e+00 -2.4810e+00
529 0 +6.050705329e+00 -3.470792947e+02 -3.470792947e+02 -1.6671e+00 +9.8356e-01 -2.4184e+00
543 0 +6.008292237e+00 -3.471217078e+02 -3.471217078e+02 -1.6778e+00 +9.8718e-01 -2.4064e+00
% f evaluations | g evaluations | best noise-free fitness - Fopt (8.716000000000e+01) + sum g_i+ | measured fitness | best measured fitness or single-digit g-values | x1 | x2...
1 0 +1.179484041e+02 +2.051084041e+02 +2.051084041e+02 +0.0000e+00 +0.0000e+00 +0.0000e+00
2 0 +1.179002645e+02 +2.050602645e+02 +2.050602645e+02 +2.5000e-04 +0.0000e+00 +0.0000e+00
12 0 +1.174610903e+02 +2.046210903e+02 +2.046210903e+02 +1.2500e-03 +1.0000e-03 -2.0000e-03
21 0 +1.147641682e+02 +2.019241682e+02 +2.019241682e+02 +8.9167e-03 +4.5833e-03 -1.1833e-02
24 0 +1.112680057e+02 +1.984280057e+02 +1.984280057e+02 +1.8500e-02 +1.0500e-02 -2.4500e-02
26 0 +1.076626991e+02 +1.948226991e+02 +1.948226991e+02 +2.9000e-02 +1.4250e-02 -3.7000e-02
27 0 +1.067105429e+02 +1.938705429e+02 +1.938705429e+02 +3.1583e-02 +1.6667e-02 -4.2000e-02
28 0 +1.030958211e+02 +1.902558211e+02 +1.902558211e+02 +4.3250e-02 +2.3000e-02 -5.8000e-02
29 0 +1.017735126e+02 +1.889335126e+02 +1.889335126e+02 +4.8250e-02 +2.5583e-02 -6.3167e-02
30 0 +9.774977651e+01 +1.849097765e+02 +1.849097765e+02 +6.6250e-02 +3.5250e-02 -8.6500e-02
31 0 +9.626931632e+01 +1.834293163e+02 +1.834293163e+02 +7.3833e-02 +3.7833e-02 -9.6500e-02
32 0 +9.239876037e+01 +1.795587604e+02 +1.795587604e+02 +1.0150e-01 +5.1500e-02 -1.3250e-01
34 0 +8.228915637e+01 +1.694491564e+02 +1.694491564e+02 +1.5300e-01 +8.1250e-02 -2.0300e-01
35 0 +7.654534846e+01 +1.637053485e+02 +1.637053485e+02 +1.7058e-01 +8.9000e-02 -2.2333e-01
36 0 +5.684186212e+01 +1.440018621e+02 +1.440018621e+02 +2.3425e-01 +1.2200e-01 -3.0600e-01
37 0 +5.534251713e+01 +1.425025171e+02 +1.425025171e+02 +2.5958e-01 +1.3458e-01 -3.4117e-01
92 0 +5.494953802e+01 +1.421095380e+02 +1.421095380e+02 +2.5421e-01 +1.3601e-01 -3.3293e-01
106 0 +5.330947372e+01 +1.404694737e+02 +1.404694737e+02 +2.6450e-01 +1.8949e-01 -3.1671e-01
174 0 +5.245963938e+01 +1.396196394e+02 +1.396196394e+02 +2.7205e-01 +2.2954e-01 -3.0694e-01
195 0 +5.120057841e+01 +1.383605784e+02 +1.383605784e+02 +2.5250e-01 +1.9691e-01 -3.3890e-01
234 0 +4.997437696e+01 +1.371343770e+02 +1.371343770e+02 +2.4221e-01 +2.0337e-01 -3.6038e-01
240 0 +4.885246469e+01 +1.360124647e+02 +1.360124647e+02 +2.4284e-01 +2.4899e-01 -3.8433e-01
% f evaluations | g evaluations | best noise-free fitness - Fopt (-3.475000000000e+01) + sum g_i+ | measured fitness | best measured fitness or single-digit g-values | x1 | x2...
1 0 +6.060428681e+01 +2.585428681e+01 +2.585428681e+01 +0.0000e+00 +0.0000e+00 +0.0000e+00
2 0 +6.058258553e+01 +2.583258553e+01 +2.583258553e+01 +2.5000e-04 +0.0000e+00 +0.0000e+00
13 0 +6.021762485e+01 +2.546762485e+01 +2.546762485e+01 +1.5833e-03 -4.1667e-04 -1.8333e-03
20 0 +5.844187397e+01 +2.369187397e+01 +2.369187397e+01 +8.2500e-03 -2.0000e-03 -1.0000e-02
22 0 +5.719652177e+01 +2.244652177e+01 +2.244652177e+01 +1.2250e-02 -1.7500e-03 -1.6500e-02
24 0 +5.509005287e+01 +2.034005287e+01 +2.034005287e+01 +1.8500e-02 -4.2500e-03 -2.4500e-02
25 0 +5.442117309e+01 +1.967117309e+01 +1.967117309e+01 +2.1000e-02 -4.3333e-03 -2.7000e-02
26 0 +5.167079321e+01 +1.692079321e+01 +1.692079321e+01 +2.9000e-02 -6.0000e-03 -3.7000e-02
27 0 +5.050205619e+01 +1.575205619e+01 +1.575205619e+01 +3.1583e-02 -6.0000e-03 -4.2000e-02
28 0 +4.592227752e+01 +1.117227752e+01 +1.117227752e+01 +4.3250e-02 -8.0000e-03 -5.8000e-02
29 0 +4.401642573e+01 +9.266425728e+00 +9.266425728e+00 +4.8250e-02 -1.0417e-02 -6.3167e-02
30 0 +3.723760679e+01 +2.487606791e+00 +2.487606791e+00 +6.6250e-02 -1.4750e-02 -8.6500e-02
31 0 +3.499972415e+01 +2.497241477e-01 +2.497241477e-01 +7.3833e-02 -1.4917e-02 -9.6500e-02
32 0 +3.100277416e+01 -3.747225844e+00 -3.747225844e+00 +1.0150e-01 -2.0250e-02 -1.3250e-01
74 0 +3.090274811e+01 -3.847251887e+00 -3.847251887e+00 +1.0049e-01 -1.9966e-02 -1.2889e-01
88 0 +3.017014544e+01 -4.579854558e+00 -4.579854558e+00 +1.2265e-01 -2.2504e-02 -1.2089e-01
133 0 +2.948665319e+01 -5.263346806e+00 -5.263346806e+00 +1.4715e-01 -4.3657e-02 -1.0440e-01
143 0 +2.851003363e+01 -6.239966370e+00 -6.239966370e+00 +1.4304e-01 -7.3744e-02 -9.5402e-02
144 0 +2.813446435e+01 -6.615535645e+00 -6.615535645e+00 +1.4058e-01 -8.0741e-02 -9.0037e-02
148 0 +2.738566843e+01 -7.364331567e+00 -7.364331567e+00 +1.4181e-01 -1.1038e-01 -7.4767e-02
150 0 +2.690923789e+01 -7.840762105e+00 -7.840762105e+00 +1.3050e-01 -1.1510e-01 -7.4174e-02
152 0 +2.600966585e+01 -8.740334154e+00 -8.740334154e+00 +1.2663e-01 -1.6092e-01 -5.5047e-02
153 0 +2.552400508e+01 -9.225994924e+00 -9.225994924e+00 +1.1965e-01 -2.0101e-01 -3.7551e-02
155 0 +2.507747330e+01 -9.672526703e+00 -9.672526703e+00 +9.6055e-02 -2.1517e-01 -2.5672e-02
395 0 +2.242650562e+01 -1.232349438e+01 -1.232349438e+01 +1.3709e+00 -1.5667e+00 +1.3253e+00
404 0 +2.185278460e+01 -1.289721540e+01 -1.289721540e+01 +1.3824e+00 -1.5681e+00 +1.3658e+00
417 0 +2.058933887e+01 -1.416066113e+01 -1.416066113e+01 +1.3871e+00 -1.5307e+00 +1.3536e+00
418 0 +2.023981401e+01 -1.451018599e+01 -1.451018599e+01 +1.3895e+00 -1.5120e+00 +1.3475e+00
471 0 +1.995081320e+01 -1.479918680e+01 -1.479918680e+01 +1.4039e+00 -1.4823e+00 +1.3320e+00
650 0 +1.942358641e+01 -1.532641359e+01 -1.532641359e+01 +1.9184e+00 -6.9201e-01 +1.6725e+00
657 0 +1.879590254e+01 -1.595409746e+01 -1.595409746e+01 +1.9408e+00 -6.8090e-01 +1.6937e+00
661 0 +1.842361261e+01 -1.632638739e+01 -1.632638739e+01 +1.9371e+00 -6.7357e-01 +1.6825e+00
687 0 +1.819492537e+01 -1.655507463e+01 -1.655507463e+01 +1.9312e+00 -6.6259e-01 +1.6741e+00
% f evaluations | g evaluations | best noise-free fitness - Fopt (-1.000000000000e+03) + sum g_i+ | measured fitness | best measured fitness or single-digit g-values | x1 | x2...
1 0 +1.144789854e+02 -8.855210146e+02 -8.855210146e+02 +0.0000e+00 +0.0000e+00 +0.0000e+00
3 0 +1.144586068e+02 -8.855413932e+02 -8.855413932e+02 +0.0000e+00 +2.5000e-04 +0.0000e+00
23 0 +1.119800093e+02 -8.880199907e+02 -8.880199907e+02 -1.7833e-02 +1.3500e-02 -2.9167e-03
26 0 +1.092233072e+02 -8.907766928e+02 -8.907766928e+02 -3.7000e-02 +2.9000e-02 -6.0000e-03
28 0 +1.068046933e+02 -8.931953067e+02 -8.931953067e+02 -5.8000e-02 +4.3250e-02 -8.0000e-03
30 0 +1.042019220e+02 -8.957980780e+02 -8.957980780e+02 -8.6500e-02 +6.6250e-02 -1.4750e-02
66 0 +1.020504574e+02 -8.979495426e+02 -8.979495426e+02 -8.8810e-02 +8.3368e-02 -4.7885e-02
71 0 +9.996494229e+01 -9.000350577e+02 -9.000350577e+02 -7.8620e-02 +9.6261e-02 -8.9912e-02
74 0 +9.753031912e+01 -9.024696809e+02 -9.024696809e+02 -5.0142e-02 +1.0362e-01 -1.4335e-01
76 0 +9.496295823e+01 -9.050370418e+02 -9.050370418e+02 -2.9130e-02 +1.1343e-01 -1.9782e-01
78 0 +9.117005643e+01 -9.088299436e+02 -9.088299436e+02 -2.5761e-04 +1.2952e-01 -2.7069e-01
116 0 +8.906009591e+01 -9.109399041e+02 -9.109399041e+02 -1.6150e-02 +1.8135e-01 -3.5535e-01
130 0 +8.640163168e+01 -9.135983683e+02 -9.135983683e+02 +4.5757e-02 +1.9045e-01 -3.2012e-01
139 0 +8.499081912e+01 -9.150091809e+02 -9.150091809e+02 +9.2953e-02 +2.4127e-01 -3.4498e-01
579 0 +7.289332878e+01 -9.271066712e+02 -9.271066712e+02 -2.6472e-01 -5.5541e-01 -3.2944e+00
580 0 +7.051642010e+01 -9.294835799e+02 -9.294835799e+02 -2.7795e-01 -5.5541e-01 -3.2944e+00
582 0 +6.077774807e+01 -9.392222519e+02 -9.392222519e+02 -2.6472e-01 -5.5541e-01 -3.4591e+00
584 0 +5.643197013e+01 -9.435680299e+02 -9.435680299e+02 -2.7943e-01 -5.3690e-01 -3.4774e+00
585 0 +5.297522631e+01 -9.470247737e+02 -9.470247737e+02 -2.8678e-01 -5.2764e-01 -3.5689e+00
591 0 +5.222011977e+01 -9.477798802e+02 -9.477798802e+02 -3.0784e-01 -4.9667e-01 -3.6819e+00
596 0 +5.107474698e+01 -9.489252530e+02 -9.489252530e+02 -2.9579e-01 -5.1372e-01 -3.5621e+00
601 0 +4.957549161e+01 -9.504245084e+02 -9.504245084e+02 -3.0629e-01 -4.9534e-01 -3.5764e+00
608 0 +4.887563691e+01 -9.511243631e+02 -9.511243631e+02 -3.2012e-01 -4.7079e-01 -3.6340e+00
% f evaluations | g evaluations | best noise-free fitness - Fopt (-9.247000000000e+01) + sum g_i+ | measured fitness | best measured fitness or single-digit g-values | x1 | x2...
1 0 +9.865433210e+01 +6.184332101e+00 +6.184332101e+00 +0.0000e+00 +0.0000e+00 +0.0000e+00
2 0 +9.861789675e+01 +6.147896746e+00 +6.147896746e+00 +2.5000e-04 +0.0000e+00 +0.0000e+00
15 0 +9.770421220e+01 +5.234212198e+00 +5.234212198e+00 +2.5000e-03 -3.1667e-03 -2.5000e-04
20 0 +9.546504883e+01 +2.995048829e+00 +2.995048829e+00 +8.2500e-03 -1.0000e-02 -2.0000e-03
23 0 +9.313269154e+01 +6.626915383e-01 +6.626915383e-01 +1.3500e-02 -1.7833e-02 -2.9167e-03
24 0 +9.102160752e+01 -1.448392484e+00 -1.448392484e+00 +1.8500e-02 -2.4500e-02 -4.2500e-03
26 0 +8.711791272e+01 -5.352087285e+00 -5.352087285e+00 +2.9000e-02 -3.7000e-02 -6.0000e-03
27 0 +8.590242230e+01 -6.567577697e+00 -6.567577697e+00 +3.1583e-02 -4.2000e-02 -6.0000e-03
28 0 +8.191814789e+01 -1.055185211e+01 -1.055185211e+01 +4.3250e-02 -5.8000e-02 -8.0000e-03
29 0 +8.060478805e+01 -1.186521195e+01 -1.186521195e+01 +4.8250e-02 -6.3167e-02 -1.0417e-02
30 0 +7.747841578e+01 -1.499158422e+01 -1.499158422e+01 +6.6250e-02 -8.6500e-02 -1.4750e-02
66 0 +7.580581913e+01 -1.666418087e+01 -1.666418087e+01 +5.8840e-02 -9.1545e-02 -3.7520e-02
350 0 +5.522203273e+01 -3.724796727e+01 -3.724796727e+01 +2.0440e+00 -1.5636e+00 -1.4864e+00
362 0 +5.441620347e+01 -3.805379653e+01 -3.805379653e+01 +2.0829e+00 -1.5414e+00 -1.4850e+00
368 0 +5.347968998e+01 -3.899031002e+01 -3.899031002e+01 +2.0634e+00 -1.5525e+00 -1.4857e+00
% f evaluations | g evaluations | best noise-free fitness - Fopt (-2.153000000000e+02) + sum g_i+ | measured fitness | best measured fitness or single-digit g-values | x1 | x2...
1 0 +5.677705300e+01 -1.585229470e+02 -1.585229470e+02 +0.0000e+00 +0.0000e+00 +0.0000e+00
5 0 +5.675598741e+01 -1.585440126e+02 -1.585440126e+02 +1.6667e-04 -2.5000e-04 +1.6667e-04
16 0 +5.606059364e+01 -1.592394064e+02 -1.592394064e+02 +1.5000e-03 -4.5000e-03 -2.5000e-04
22 0 +5.455107715e+01 -1.607489229e+02 -1.607489229e+02 +6.2500e-03 -1.6500e-02 -1.7500e-03
26 0 +5.366636303e+01 -1.616336370e+02 -1.616336370e+02 +1.4250e-02 -3.7000e-02 -6.0000e-03
409 0 +5.092668173e+01 -1.643733183e+02 -1.643733183e+02 -1.3978e-01 +9.2998e-01 -5.8546e-02
411 0 +4.110446885e+01 -1.741955312e+02 -1.741955312e+02 -1.4001e-01 +1.0163e+00 +1.8586e-02
413 0 +3.543475284e+01 -1.798652472e+02 -1.798652472e+02 -1.5268e-01 +1.1249e+00 +8.6734e-02
424 0 +3.341087050e+01 -1.818891295e+02 -1.818891295e+02 -1.5359e-01 +1.1038e+00 +8.6597e-02
429 0 +3.211557345e+01 -1.831844266e+02 -1.831844266e+02 -1.5919e-01 +1.0823e+00 +8.8721e-02
434 0 +3.091887962e+01 -1.843811204e+02 -1.843811204e+02 -1.6987e-01 +1.0693e+00 +1.1035e-01
435 0 +3.065358929e+01 -1.846464107e+02 -1.846464107e+02 -1.7802e-01 +1.0520e+00 +1.2222e-01
439 0 +3.012953640e+01 -1.851704636e+02 -1.851704636e+02 -1.8663e-01 +1.0458e+00 +1.4637e-01
458 0 +2.949211843e+01 -1.858078816e+02 -1.858078816e+02 -1.8490e-01 +1.0292e+00 +1.6391e-01
462 0 +2.873728887e+01 -1.865627111e+02 -1.865627111e+02 -1.8135e-01 +1.0319e+00 +1.8683e-01
465 0 +2.809232752e+01 -1.872076725e+02 -1.872076725e+02 -1.9196e-01 +9.9097e-01 +2.4399e-01
467 0 +2.711185976e+01 -1.881881402e+02 -1.881881402e+02 -1.5062e-01 +1.0078e+00 +1.9869e-01
468 0 +2.653293591e+01 -1.887670641e+02 -1.887670641e+02 -1.1896e-01 +1.0135e+00 +1.7846e-01
473 0 +2.603887265e+01 -1.892611273e+02 -1.892611273e+02 -7.2109e-02 +1.0130e+00 +1.9043e-01
% f evaluations | g evaluations | best noise-free fitness - Fopt (-5.449000000000e+01) + sum g_i+ | measured fitness | best measured fitness or single-digit g-values | x1 | x2...
1 0 +2.219120079e+02 +1.674220079e+02 +1.674220079e+02 +0.0000e+00 +0.0000e+00 +0.0000e+00
2 0 +2.218351480e+02 +1.673451480e+02 +1.673451480e+02 +2.5000e-04 +0.0000e+00 +0.0000e+00
21 0 +2.186702074e+02 +1.641802074e+02 +1.641802074e+02 +8.9167e-03 +4.5833e-03 -1.4167e-03
26 0 +2.122527534e+02 +1.577627534e+02 +1.577627534e+02 +2.9000e-02 +1.4250e-02 -6.0000e-03
28 0 +2.085354468e+02 +1.540454468e+02 +1.540454468e+02 +4.3250e-02 +2.3000e-02 -8.0000e-03
31 0 +2.040828027e+02 +1.495928027e+02 +1.495928027e+02 +7.3833e-02 +3.7833e-02 -1.4917e-02
36 0 +1.895128791e+02 +1.350228791e+02 +1.350228791e+02 +2.2369e-01 +1.1403e-01 -4.3861e-02
43 0 +1.803467870e+02 +1.258567870e+02 +1.258567870e+02 +2.5073e-01 +1.2800e-01 -5.0165e-02
44 0 +1.725900859e+02 +1.181000859e+02 +1.181000859e+02 +2.9225e-01 +1.4877e-01 -5.8616e-02
90 0 +1.694828479e+02 +1.149928479e+02 +1.149928479e+02 +2.7839e-01 +1.5353e-01 -1.1661e-01
94 0 +1.658057806e+02 +1.113157806e+02 +1.113157806e+02 +2.7173e-01 +1.6051e-01 -1.7129e-01
97 0 +1.614888443e+02 +1.069988443e+02 +1.069988443e+02 +2.4147e-01 +1.6412e-01 -2.7398e-01
99 0 +1.551940191e+02 +1.007040191e+02 +1.007040191e+02 +2.3396e-01 +1.7731e-01 -3.5509e-01
101 0 +1.519348165e+02 +9.744481652e+01 +9.744481652e+01 +2.3129e-01 +1.8590e-01 -4.1261e-01
112 0 +1.510096991e+02 +9.651969912e+01 +9.651969912e+01 +2.4250e-01 +1.8821e-01 -3.9503e-01
241 0 +1.475854222e+02 +9.309542220e+01 +9.309542220e+01 +2.3414e+00 -3.8471e+00 -3.2939e+00
242 0 +9.846967749e+01 +4.397967749e+01 +4.397967749e+01 +4.8629e+00 -4.1787e+00 -3.6076e+00
246 0 +7.607258950e+01 +2.158258950e+01 +2.158258950e+01 +3.5221e+00 -3.8895e+00 -3.6192e+00
250 0 +6.433350336e+01 +9.843503356e+00 +9.843503356e+00 +3.8090e+00 -4.0624e+00 -3.6125e+00
272 0 +6.116180001e+01 +6.671800015e+00 +6.671800015e+00 +3.5960e+00 -4.0339e+00 -3.5707e+00
295 0 +6.013174133e+01 +5.641741329e+00 +5.641741329e+00 +3.5930e+00 -4.0354e+00 -3.6018e+00
304 0 +5.865517498e+01 +4.165174975e+00 +4.165174975e+00 +3.6055e+00 -4.0547e+00 -3.6585e+00
686 0 +5.568863781e+01 +1.198637807e+00 +1.198637807e+00 +2.3238e+00 -2.9857e+00 -7.5559e-01
735 0 +5.494340719e+01 +4.534071902e-01 +4.534071902e-01 +2.3347e+00 -3.0177e+00 -7.5856e-01
% f evaluations | g evaluations | best noise-free fitness - Fopt (5.049000000000e+01) + sum g_i+ | measured fitness | best measured fitness or single-digit g-values | x1 | x2...
1 0 +1.102093613e+02 +1.606993613e+02 +1.606993613e+02 +0.0000e+00 +0.0000e+00 +0.0000e+00
2 0 +1.101566846e+02 +1.606466846e+02 +1.606466846e+02 +2.5000e-04 +0.0000e+00 +0.0000e+00
12 0 +1.095422887e+02 +1.600322887e+02 +1.600322887e+02 +1.2500e-03 +1.0000e-03 -2.0000e-03
20 0 +1.068172268e+02 +1.573072268e+02 +1.573072268e+02 +8.2500e-03 +4.0000e-03 -1.0000e-02
24 0 +1.033500468e+02 +1.538400468e+02 +1.538400468e+02 +1.8500e-02 +1.0500e-02 -2.4500e-02
26 0 +1.012773958e+02 +1.517673958e+02 +1.517673958e+02 +2.9000e-02 +1.4250e-02 -3.7000e-02
28 0 +9.516285812e+01 +1.456528581e+02 +1.456528581e+02 +4.3250e-02 +2.3000e-02 -5.8000e-02
30 0 +8.735692329e+01 +1.378469233e+02 +1.378469233e+02 +6.6250e-02 +3.5250e-02 -8.6500e-02
31 0 +8.493884130e+01 +1.354288413e+02 +1.354288413e+02 +7.3833e-02 +3.7833e-02 -9.6500e-02
32 0 +7.911126570e+01 +1.296012657e+02 +1.296012657e+02 +1.0150e-01 +5.1500e-02 -1.3250e-01
33 0 +7.536764026e+01 +1.258576403e+02 +1.258576403e+02 +1.1167e-01 +5.8917e-02 -1.4767e-01
34 0 +7.188383948e+01 +1.223738395e+02 +1.223738395e+02 +1.5300e-01 +8.1250e-02 -2.0300e-01
78 0 +7.072702080e+01 +1.212170208e+02 +1.212170208e+02 +1.3227e-01 +9.6538e-02 -2.1389e-01
166 0 +6.904616457e+01 +1.195361646e+02 +1.195361646e+02 +9.4474e-02 +1.7237e-01 -1.6409e-01
257 0 +5.687790033e+01 +1.073679003e+02 +1.073679003e+02 +1.6545e+00 -1.5985e+00 +1.7767e+00
270 0 +5.616943826e+01 +1.066594383e+02 +1.066594383e+02 +1.6303e+00 -1.5916e+00 +1.8379e+00
% f evaluations | g evaluations | best noise-free fitness - Fopt (-3.641300000000e+02) + sum g_i+ | measured fitness | best measured fitness or single-digit g-values | x1 | x2...
1 0 +1.204089730e+02 -2.437210270e+02 -2.437210270e+02 +0.0000e+00 +0.0000e+00 +0.0000e+00
2 0 +1.203108842e+02 -2.438191158e+02 -2.438191158e+02 +2.5000e-04 +0.0000e+00 +0.0000e+00
6 0 +1.201938279e+02 -2.439361721e+02 -2.439361721e+02 +2.5000e-04 -5.0000e-04 +2.5000e-04
18 0 +1.168802681e+02 -2.472497319e+02 -2.472497319e+02 +5.0000e-03 -7.0000e-03 +3.2500e-03
21 0 +1.145416878e+02 -2.495883122e+02 -2.495883122e+02 +8.9167e-03 -1.1833e-02 +4.5833e-03
23 0 +1.115846962e+02 -2.525453038e+02 -2.525453038e+02 +1.3500e-02 -1.7833e-02 +7.5000e-03
24 0 +1.086386965e+02 -2.554913035e+02 -2.554913035e+02 +1.8500e-02 -2.4500e-02 +1.0500e-02
26 0 +1.043382756e+02 -2.597917244e+02 -2.597917244e+02 +2.9000e-02 -3.7000e-02 +1.4250e-02
28 0 +1.012918882e+02 -2.628381118e+02 -2.628381118e+02 +4.3250e-02 -5.8000e-02 +2.3000e-02
64 0 +9.979773308e+01 -2.643322669e+02 -2.643322669e+02 +2.7820e-02 -8.0805e-02 +3.5900e-02
110 0 +9.763866512e+01 -2.664913349e+02 -2.664913349e+02 +2.5683e-02 -6.5403e-02 +5.4057e-02
203 0 +7.496223276e+01 -2.891677672e+02 -2.891677672e+02 -6.0230e-01 +9.1105e-01 +2.6419e-01
204 0 +5.474113705e+01 -3.093888630e+02 -3.093888630e+02 -8.0307e-01 +9.4809e-01 +2.4246e-01
206 0 +4.848363299e+01 -3.156463670e+02 -3.156463670e+02 -1.9121e+00 +9.7648e-01 +2.7143e-01
209 0 +4.112966259e+01 -3.230003374e+02 -3.230003374e+02 -3.0837e+00 +1.1064e+00 +2.7097e-01
217 0 +2.898876698e+01 -3.351412330e+02 -3.351412330e+02 -2.6057e+00 +1.0410e+00 +2.7772e-01
223 0 +2.366637951e+01 -3.404636205e+02 -3.404636205e+02 -1.7780e+00 +9.9474e-01 +2.6385e-01
233 0 +2.097699961e+01 -3.431530004e+02 -3.431530004e+02 -1.7050e+00 +9.9549e-01 +2.6009e-01
241 0 +2.074651815e+01 -3.433834818e+02 -3.433834818e+02 -1.7278e+00 +9.9269e-01 +2.6228e-01
247 0 +2.038793077e+01 -3.437420692e+02 -3.437420692e+02 -1.7425e+00 +9.8552e-01 +2.6532e-01
251 0 +1.968925139e+01 -3.444407486e+02 -3.444407486e+02 -1.7480e+00 +9.7464e-01 +2.6988e-01
252 0 +1.941331666e+01 -3.447166833e+02 -3.447166833e+02 -1.7581e+00 +9.6561e-01 +2.7368e-01
263 0 +1.905310220e+01 -3.450768978e+02 -3.450768978e+02 -1.7463e+00 +9.5477e-01 +2.7727e-01
322 0 +1.857112355e+01 -3.455588764e+02 -3.455588764e+02 -1.7292e+00 +9.5843e-01 +2.9163e-01
327 0 +1.811986971e+01 -3.460101303e+02 -3.460101303e+02 -1.7197e+00 +9.5449e-01 +3.1111e-01
331 0 +1.748950729e+01 -3.466404927e+02 -3.466404927e+02 -1.6600e+00 +9.5848e-01 +3.6505e-01
333 0 +1.725132818e+01 -3.468786718e+02 -3.468786718e+02 -1.6775e+00 +9.5010e-01 +3.7345e-01
344 0 +1.694626544e+01 -3.471837346e+02 -3.471837346e+02 -1.6575e+00 +9.4442e-01 +4.1681e-01
833 0 +1.578463526e+01 -3.483453647e+02 -3.483453647e+02 -3.4341e+00 -9.9582e-02 +1.6777e+00
840 0 +1.525003706e+01 -3.488799629e+02 -3.488799629e+02 -3.4483e+00 -1.0083e-01 +1.7177e+00
844 0 +1.417170537e+01 -3.499582946e+02 -3.499582946e+02 -3.4004e+00 -1.0126e-01 +1.7122e+00
846 0 +1.396559604e+01 -3.501644040e+02 -3.501644040e+02 -3.4230e+00 -1.0013e-01 +1.7002e+00
854 0 +1.376765923e+01 -3.503623408e+02 -3.503623408e+02 -3.4130e+00 -1.0046e-01 +1.7167e+00
874 0 +1.346297083e+01 -3.506670292e+02 -3.506670292e+02 -3.4209e+00 -9.7426e-02 +1.7071e+00
878 0 +1.310286350e+01 -3.510271365e+02 -3.510271365e+02 -3.4201e+00 -9.4546e-02 +1.7098e+00
880 0 +1.285358642e+01 -3.512764136e+02 -3.512764136e+02 -3.4181e+00 -9.2369e-02 +1.7177e+00
882 0 +1.255364458e+01 -3.515763554e+02 -3.515763554e+02 -3.4126e+00 -9.0219e-02 +1.7145e+00
883 0 +1.227984968e+01 -3.518501503e+02 -3.518501503e+02 -3.4077e+00 -8.7489e-02 +1.7141e+00
884 0 +1.187249977e+01 -3.522575002e+02 -3.522575002e+02 -3.4143e+00 -8.3506e-02 +1.7148e+00
885 0 +1.127173331e+01 -3.528582667e+02 -3.528582667e+02 -3.4138e+00 -7.7042e-02 +1.7149e+00
887 0 +1.073221555e+01 -3.533977845e+02 -3.533977845e+02 -3.4009e+00 -7.1182e-02 +1.7146e+00
888 0 +1.006846822e+01 -3.540615318e+02 -3.540615318e+02 -3.3931e+00 -6.1853e-02 +1.7105e+00
889 0 +9.677825280e+00 -3.544521747e+02 -3.544521747e+02 -3.4002e+00 -5.6444e-02 +1.7212e+00
890 0 +8.882575006e+00 -3.552474250e+02 -3.552474250e+02 -3.3964e+00 -4.0921e-02 +1.7248e+00
892 0 +8.312696320e+00 -3.558173037e+02 -3.558173037e+02 -3.3935e+00 -2.5812e-02 +1.6951e+00
893 0 +7.711997396e+00 -3.564180026e+02 -3.564180026e+02 -3.3749e+00 -8.6818e-03 +1.7053e+00
895 0 +6.901403288e+00 -3.572285967e+02 -3.572285967e+02 -3.3705e+00 +3.4364e-02 +1.7031e+00
896 0 +6.294500390e+00 -3.578354996e+02 -3.578354996e+02 -3.3592e+00 +8.2473e-02 +1.6995e+00
898 0 +4.274233795e+00 -3.598557662e+02 -3.598557662e+02 -3.3111e+00 +1.6159e-01 +1.6861e+00
899 0 +3.271699123e+00 -3.608583009e+02 -3.608583009e+02 -3.2699e+00 +2.5529e-01 +1.6817e+00
901 0 +3.218897470e+00 -3.609111025e+02 -3.609111025e+02 -3.3080e+00 +2.0398e-01 +1.6763e+00
906 0 +2.748713463e+00 -3.613812865e+02 -3.613812865e+02 -3.2913e+00 +2.3628e-01 +1.6916e+00
910 0 +2.554822560e+00 -3.615751774e+02 -3.615751774e+02 -3.2859e+00 +2.3384e-01 +1.6835e+00
911 0 +2.417292844e+00 -3.617127072e+02 -3.617127072e+02 -3.2811e+00 +2.4073e-01 +1.6990e+00
913 0 +2.265117472e+00 -3.618648825e+02 -3.618648825e+02 -3.2909e+00 +2.1139e-01 +1.6887e+00
917 0 +2.142681723e+00 -3.619873183e+02 -3.619873183e+02 -3.2928e+00 +2.0944e-01 +1.7011e+00
920 0 +2.087727163e+00 -3.620422728e+02 -3.620422728e+02 -3.2872e+00 +2.2597e-01 +1.6960e+00
921 0 +2.024190871e+00 -3.621058091e+02 -3.621058091e+02 -3.2844e+00 +2.1840e-01 +1.7014e+00
930 0 +1.995205436e+00 -3.621347946e+02 -3.621347946e+02 -3.2823e+00 +2.2584e-01 +1.7031e+00
% f evaluations | g evaluations | best noise-free fitness - Fopt (1.592700000000e+02) + sum g_i+ | measured fitness | best measured fitness or single-digit g-values | x1 | x2...
1 0 +4.454241971e+02 +6.046941971e+02 +6.046941971e+02 +0.0000e+00 +0.0000e+00 +0.0000e+00
5 0 +4.454090232e+02 +6.046790232e+02 +6.046790232e+02 -2.5000e-04 +1.6667e-04 +1.6667e-04
28 0 +4.338213028e+02 +5.930913028e+02 +5.930913028e+02 -5.5000e-02 +9.0000e-03 +1.6667e-02
30 0 +4.239869029e+02 +5.832569029e+02 +5.832569029e+02 -8.4500e-02 +1.3250e-02 +2.3917e-02
32 0 +4.042859733e+02 +5.635559733e+02 +5.635559733e+02 -1.3017e-01 +2.1833e-02 +3.7417e-02
34 0 +3.816752038e+02 +5.409452038e+02 +5.409452038e+02 -1.9433e-01 +3.0917e-02 +5.7333e-02
35 0 +3.789383317e+02 +5.382083317e+02 +5.382083317e+02 -2.1767e-01 +3.5000e-02 +6.2444e-02
177 0 +3.708972715e+02 +5.301672715e+02 +5.301672715e+02 -2.0659e-01 -1.0438e-02 +7.6297e-02
394 0 +3.446257337e+02 +5.038957337e+02 +5.038957337e+02 +1.8038e+00 -5.1281e-01 +2.7694e-01
395 0 +3.107779994e+02 +4.700479994e+02 +4.700479994e+02 +1.8673e+00 -5.7087e-01 +4.0230e-01
396 0 +2.810439321e+02 +4.403139321e+02 +4.403139321e+02 +1.7887e+00 -6.4288e-01 +6.0218e-01
397 0 +2.145114877e+02 +3.737814877e+02 +3.737814877e+02 +1.8019e+00 -7.7016e-01 +9.1253e-01
399 0 +1.951565644e+02 +3.544265644e+02 +3.544265644e+02 +1.9596e+00 -8.9498e-01 +1.1740e+00
400 0 +1.490783686e+02 +3.083483686e+02 +3.083483686e+02 +2.0903e+00 -1.0924e+00 +1.6326e+00
401 0 +1.075639771e+02 +2.668339771e+02 +2.668339771e+02 +1.9392e+00 -1.1719e+00 +1.8486e+00
402 0 +7.267166195e+01 +2.319416620e+02 +2.319416620e+02 +1.9752e+00 -1.4725e+00 +2.5718e+00
405 0 +7.050506139e+01 +2.297750614e+02 +2.297750614e+02 +2.1588e+00 -2.1510e+00 +4.2088e+00
408 0 +6.061278795e+01 +2.198827880e+02 +2.198827880e+02 +1.9618e+00 -1.5871e+00 +2.8751e+00
409 0 +5.325970400e+01 +2.125297040e+02 +2.125297040e+02 +1.9699e+00 -2.0020e+00 +3.8572e+00
410 0 +4.448453241e+01 +2.037545324e+02 +2.037545324e+02 +1.9079e+00 -2.2671e+00 +4.4958e+00
417 0 +4.340338781e+01 +2.026733878e+02 +2.026733878e+02 +1.7625e+00 -2.4072e+00 +4.8353e+00
420 0 +4.196429509e+01 +2.012342951e+02 +2.012342951e+02 +1.8497e+00 -2.0107e+00 +3.8817e+00
421 0 +3.953997196e+01 +1.988099720e+02 +1.988099720e+02 +1.8072e+00 -2.2275e+00 +4.4166e+00
422 0 +3.581493111e+01 +1.950849311e+02 +1.950849311e+02 +1.7745e+00 -2.2267e+00 +4.4288e+00
425 0 +3.159268904e+01 +1.908626890e+02 +1.908626890e+02 +1.7658e+00 -2.2703e+00 +4.5141e+00
448 0 +3.066475119e+01 +1.899347512e+02 +1.899347512e+02 +1.7538e+00 -2.2559e+00 +4.4838e+00
453 0 +2.998096478e+01 +1.892509648e+02 +1.892509648e+02 +1.7268e+00 -2.2551e+00 +4.4868e+00
605 0 +2.760022926e+01 +1.868702293e+02 +1.868702293e+02 -3.0884e+00 -1.9693e+00 +3.9246e+00
607 0 +6.710930749e+00 +1.659809307e+02 +1.659809307e+02 -2.9191e+00 -1.9130e+00 +3.2409e+00
644 0 +6.570598961e+00 +1.658405990e+02 +1.658405990e+02 -2.9202e+00 -1.9075e+00 +3.2499e+00
649 0 +6.451695630e+00 +1.657216956e+02 +1.657216956e+02 -2.9161e+00 -1.9018e+00 +3.2512e+00
657 0 +6.276997908e+00 +1.655469979e+02 +1.655469979e+02 -2.9158e+00 -1.8851e+00 +3.2549e+00
660 0 +6.101877421e+00 +1.653718774e+02 +1.653718774e+02 -2.9042e+00 -1.8741e+00 +3.2611e+00
665 0 +5.989545693e+00 +1.652595457e+02 +1.652595457e+02 -2.8952e+00 -1.8559e+00 +3.2612e+00
