% f evaluations | g evaluations | best noise-free fitness - Fopt (1.026100000000e+02) + sum g_i+ | measured fitness | best measured fitness or single-digit g-values | x1 | x2...
1 0 +3.945617198e+01 +1.420661720e+02 +1.420661720e+02 +0.0000e+00 +0.0000e+00
4 0 +3.941922365e+01 +1.420292237e+02 +1.420292237e+02 +2.5000e-04 -2.5000e-04
9 0 +3.888637671e+01 +1.414963767e+02 +1.414963767e+02 +6.5625e-04 -1.8750e-03
12 0 +3.761015973e+01 +1.402201597e+02 +1.402201597e+02 +9.2188e-04 -4.0625e-03
13 0 +3.618031052e+01 +1.387903105e+02 +1.387903105e+02 +1.3516e-03 -5.7187e-03
14 0 +3.531565517e+01 +1.379256552e+02 +1.379256552e+02 +1.0234e-03 -6.7813e-03
15 0 +3.264231393e+01 +1.352523139e+02 +1.352523139e+02 +1.2070e-03 -9.2344e-03
16 0 +2.874291456e+01 +1.313529146e+02 +1.313529146e+02 +2.2305e-03 -1.2016e-02
17 0 +2.260485328e+01 +1.252148533e+02 +1.252148533e+02 +3.1816e-03 -1.6555e-02
18 0 +1.897691927e+01 +1.215869193e+02 +1.215869193e+02 +3.0371e-03 -2.0070e-02
19 0 +1.525506776e+01 +1.178650678e+02 +1.178650678e+02 +3.8799e-03 -2.7246e-02
37 0 +1.510795484e+01 +1.177179548e+02 +1.177179548e+02 +1.9668e-03 -2.7727e-02
41 0 +1.477036167e+01 +1.173803617e+02 +1.173803617e+02 -1.3453e-03 -2.9833e-02
44 0 +1.436708919e+01 +1.169770892e+02 +1.169770892e+02 -6.5273e-03 -3.3731e-02
45 0 +1.408219518e+01 +1.166921952e+02 +1.166921952e+02 -1.0561e-02 -3.5994e-02
48 0 +1.358582981e+01 +1.161958298e+02 +1.161958298e+02 -2.7842e-02 -4.6680e-02
49 0 +1.314858263e+01 +1.157585826e+02 +1.157585826e+02 -2.5545e-02 -4.3408e-02
50 0 +1.281963518e+01 +1.154296352e+02 +1.154296352e+02 -3.1889e-02 -4.5479e-02
56 0 +1.256359783e+01 +1.151735978e+02 +1.151735978e+02 -4.1541e-02 -5.0522e-02
112 0 +1.049232700e+01 +1.131023270e+02 +1.131023270e+02 -2.0738e+00 +1.4196e-01
113 0 +9.503967804e+00 +1.121139678e+02 +1.121139678e+02 -2.1020e+00 +1.2898e-01
114 0 +8.314023542e+00 +1.109240235e+02 +1.109240235e+02 -2.1057e+00 +1.2353e-01
341 0 +8.020936479e+00 +1.106309365e+02 +1.106309365e+02 +3.8476e+00 -1.0516e-02
342 0 +7.936493650e+00 +1.105464936e+02 +1.105464936e+02 +3.8550e+00 -7.7842e-03
% f evaluations | g evaluations | best noise-free fitness - Fopt (9.330000000000e+01) + sum g_i+ | measured fitness | best measured fitness or single-digit g-values | x1 | x2...
1 0 +3.408058182e+01 +1.273805818e+02 +1.273805818e+02 +0.0000e+00 +0.0000e+00
3 0 +3.407978102e+01 +1.273797810e+02 +1.273797810e+02 +0.0000e+00 +2.5000e-04
7 0 +3.375578767e+01 +1.270557877e+02 +1.270557877e+02 -1.0000e-03 +7.5000e-04
11 0 +3.284987198e+01 +1.261498720e+02 +1.261498720e+02 -3.0000e-03 +1.4375e-03
12 0 +3.213678012e+01 +1.254367801e+02 +1.254367801e+02 -4.2500e-03 +1.9688e-03
14 0 +3.060038723e+01 +1.239003872e+02 +1.239003872e+02 -6.3750e-03 +2.1719e-03
15 0 +2.887347884e+01 +1.221734788e+02 +1.221734788e+02 -8.6250e-03 +3.3281e-03
16 0 +2.606287401e+01 +1.193628740e+02 +1.193628740e+02 -1.1938e-02 +4.5859e-03
17 0 +2.418747946e+01 +1.174874795e+02 +1.174874795e+02 -1.4063e-02 +4.7891e-03
18 0 +2.077817784e+01 +1.140781778e+02 +1.140781778e+02 -1.8969e-02 +6.1992e-03
19 0 +1.914481226e+01 +1.124448123e+02 +1.124448123e+02 -2.4531e-02 +8.6133e-03
33 0 +1.905280923e+01 +1.123528092e+02 +1.123528092e+02 -2.5268e-02 +9.4778e-03
39 0 +1.856114047e+01 +1.118611405e+02 +1.118611405e+02 -2.6979e-02 +1.3524e-02
42 0 +1.804842741e+01 +1.113484274e+02 +1.113484274e+02 -2.7562e-02 +1.7094e-02
43 0 +1.764358664e+01 +1.109435866e+02 +1.109435866e+02 -2.8649e-02 +2.0323e-02
45 0 +1.730414487e+01 +1.106041449e+02 +1.106041449e+02 -2.7971e-02 +2.4747e-02
46 0 +1.647085527e+01 +1.097708553e+02 +1.097708553e+02 -3.0650e-02 +3.0864e-02
47 0 +1.565752311e+01 +1.089575231e+02 +1.089575231e+02 -3.2990e-02 +3.9192e-02
49 0 +1.470947831e+01 +1.080094783e+02 +1.080094783e+02 -3.7332e-02 +5.8061e-02
50 0 +1.426509220e+01 +1.075650922e+02 +1.075650922e+02 -4.2012e-02 +7.4718e-02
51 0 +1.340272451e+01 +1.067027245e+02 +1.067027245e+02 -4.2690e-02 +7.0294e-02
52 0 +1.259859848e+01 +1.058985985e+02 +1.058985985e+02 -4.7879e-02 +8.3633e-02
55 0 +1.208479000e+01 +1.053847900e+02 +1.053847900e+02 -5.3746e-02 +9.2547e-02
60 0 +1.196487241e+01 +1.052648724e+02 +1.052648724e+02 -5.8963e-02 +1.0866e-01
168 0 +8.348325309e+00 +1.016483253e+02 +1.016483253e+02 -1.7171e+00 +5.0304e-01
172 0 +7.056897228e+00 +1.003568972e+02 +1.003568972e+02 -1.7100e+00 +5.0285e-01
175 0 +6.751264035e+00 +1.000512640e+02 +1.000512640e+02 -1.7132e+00 +5.0351e-01
194 0 +6.577027906e+00 +9.987702791e+01 +9.987702791e+01 -1.7143e+00 +5.0857e-01
201 0 +6.449187004e+00 +9.974918700e+01 +9.974918700e+01 -1.7181e+00 +5.1958e-01
267 0 +4.098172930e+00 +9.739817293e+01 +9.739817293e+01 +1.5245e+00 -1.0784e+00
268 0 +2.012940352e+00 +9.531294035e+01 +9.531294035e+01 +1.5167e+00 -1.0535e+00
270 0 +7.343999011e-01 +9.403439990e+01 +9.403439990e+01 +1.4959e+00 -9.9607e-01
277 0 +5.993171149e-01 +9.389931711e+01 +9.389931711e+01 +1.5044e+00 -1.0231e+00
279 0 +5.464078474e-01 +9.384640785e+01 +9.384640785e+01 +1.5045e+00 -1.0216e+00
281 0 +4.900211442e-01 +9.379002114e+01 +9.379002114e+01 +1.5001e+00 -1.0092e+00
284 0 +4.848953113e-01 +9.378489531e+01 +9.378489531e+01 +1.5024e+00 -1.0150e+00
294 0 +4.784927153e-01 +9.377849272e+01 +9.377849272e+01 +1.5016e+00 -1.0135e+00
% f evaluations | g evaluations | best noise-free fitness - Fopt (1.364000000000e+01) + sum g_i+ | measured fitness | best measured fitness or single-digit g-values | x1 | x2...
1 0 +4.461797449e+01 +5.825797449e+01 +5.825797449e+01 +0.0000e+00 +0.0000e+00
2 0 +4.455845728e+01 +5.819845728e+01 +5.819845728e+01 +2.5000e-04 +0.0000e+00
10 0 +4.340087002e+01 +5.704087002e+01 +5.704087002e+01 +2.0313e-03 -2.1250e-03
12 0 +4.212018722e+01 +5.576018722e+01 +5.576018722e+01 +3.3906e-03 -4.0625e-03
13 0 +4.083394285e+01 +5.447394285e+01 +5.447394285e+01 +4.6172e-03 -5.7187e-03
14 0 +3.956198415e+01 +5.320198415e+01 +5.320198415e+01 +6.0078e-03 -6.7813e-03
15 0 +3.720588859e+01 +5.084588859e+01 +5.084588859e+01 +8.2773e-03 -9.2344e-03
16 0 +3.528439597e+01 +4.892439597e+01 +4.892439597e+01 +1.0035e-02 -1.2016e-02
17 0 +3.286081466e+01 +4.650081466e+01 +4.650081466e+01 +1.3623e-02 -1.6555e-02
38 0 +3.235727250e+01 +4.599727250e+01 +4.599727250e+01 +1.6590e-02 -1.7345e-02
47 0 +3.142620087e+01 +4.506620087e+01 +4.506620087e+01 +2.2765e-02 -1.1079e-03
48 0 +3.087885070e+01 +4.451885070e+01 +4.451885070e+01 +2.5299e-02 +5.2699e-03
50 0 +2.989754111e+01 +4.353754111e+01 +4.353754111e+01 +3.0366e-02 +2.3553e-02
51 0 +2.836576215e+01 +4.200576215e+01 +4.200576215e+01 +3.4709e-02 +3.2907e-02
52 0 +2.593433950e+01 +3.957433950e+01 +3.957433950e+01 +4.1585e-02 +5.1403e-02
53 0 +2.474955975e+01 +3.838955975e+01 +3.838955975e+01 +4.6652e-02 +6.9686e-02
54 0 +2.137777970e+01 +3.501777970e+01 +3.501777970e+01 +5.7329e-02 +1.0189e-01
55 0 +1.657279031e+01 +3.021279031e+01 +3.021279031e+01 +6.8548e-02 +1.2974e-01
56 0 +1.248503404e+01 +2.612503404e+01 +2.612503404e+01 +8.7639e-02 +1.8284e-01
66 0 +1.155722790e+01 +2.519722790e+01 +2.519722790e+01 +8.9313e-02 +1.8414e-01
67 0 +1.111026431e+01 +2.475026431e+01 +2.475026431e+01 +8.6423e-02 +1.7233e-01
68 0 +1.087253514e+01 +2.451253514e+01 +2.451253514e+01 +9.5550e-02 +1.9856e-01
69 0 +1.064422420e+01 +2.428422420e+01 +2.428422420e+01 +9.9505e-02 +2.0641e-01
70 0 +1.010066312e+01 +2.374066312e+01 +2.374066312e+01 +8.9162e-02 +1.6968e-01
78 0 +9.975767551e+00 +2.361576755e+01 +2.361576755e+01 +9.5546e-02 +1.8907e-01
115 0 +8.910513328e+00 +2.255051333e+01 +2.255051333e+01 -4.3164e+00 -1.0154e+00
149 0 +8.691416002e+00 +2.233141600e+01 +2.233141600e+01 -4.3150e+00 -1.0157e+00
174 0 +8.506531679e+00 +2.214653168e+01 +2.214653168e+01 -4.3143e+00 -1.0139e+00
177 0 +8.316425000e+00 +2.195642500e+01 +2.195642500e+01 -4.3138e+00 -1.0118e+00
179 0 +8.044118953e+00 +2.168411895e+01 +2.168411895e+01 -4.3128e+00 -1.0089e+00
180 0 +7.828278565e+00 +2.146827857e+01 +2.146827857e+01 -4.3120e+00 -1.0063e+00
182 0 +7.436196518e+00 +2.107619652e+01 +2.107619652e+01 -4.3108e+00 -1.0003e+00
183 0 +7.097905774e+00 +2.073790577e+01 +2.073790577e+01 -4.3092e+00 -9.9521e-01
185 0 +6.821169726e+00 +2.046116973e+01 +2.046116973e+01 -4.3069e+00 -9.9337e-01
186 0 +6.213690760e+00 +1.985369076e+01 +1.985369076e+01 -4.3041e+00 -9.8227e-01
187 0 +5.759976636e+00 +1.939997664e+01 +1.939997664e+01 -4.3001e+00 -9.7025e-01
189 0 +5.626918470e+00 +1.926691847e+01 +1.926691847e+01 -4.2911e+00 -9.4529e-01
193 0 +5.554446123e+00 +1.919444612e+01 +1.919444612e+01 -4.2962e+00 -9.5823e-01
% f evaluations | g evaluations | best noise-free fitness - Fopt (1.948000000000e+02) + sum g_i+ | measured fitness | best measured fitness or single-digit g-values | x1 | x2...
1 0 +2.260620261e+01 +2.174062026e+02 +2.174062026e+02 +0.0000e+00 +0.0000e+00
2 0 +2.250130193e+01 +2.173013019e+02 +2.173013019e+02 +2.5000e-04 +0.0000e+00
4 0 +2.222203272e+01 +2.170220327e+02 +2.170220327e+02 +2.5000e-04 -2.5000e-04
6 0 +2.179959651e+01 +2.165995965e+02 +2.165995965e+02 +6.2500e-04 -5.0000e-04
8 0 +2.086442823e+01 +2.156644282e+02 +2.156644282e+02 +1.0625e-03 -1.2500e-03
9 0 +2.013746247e+01 +2.149374625e+02 +2.149374625e+02 +1.4688e-03 -1.8750e-03
10 0 +1.974829081e+01 +2.145482908e+02 +2.145482908e+02 +2.0313e-03 -2.1250e-03
11 0 +1.889547968e+01 +2.136954797e+02 +2.136954797e+02 +2.8594e-03 -2.9375e-03
12 0 +1.807567301e+01 +2.128756730e+02 +2.128756730e+02 +3.3906e-03 -4.0625e-03
13 0 +1.727860844e+01 +2.120786084e+02 +2.120786084e+02 +4.6172e-03 -5.7187e-03
26 0 +1.696298624e+01 +2.117629862e+02 +2.117629862e+02 +4.1328e-03 -7.2812e-03
31 0 +1.653767805e+01 +2.113376781e+02 +2.113376781e+02 +6.3281e-04 -9.2812e-03
34 0 +1.601585158e+01 +2.108158516e+02 +2.108158516e+02 -4.2734e-03 -1.2656e-02
35 0 +1.569488020e+01 +2.104948802e+02 +2.104948802e+02 -7.7734e-03 -1.4656e-02
37 0 +1.520203416e+01 +2.100020342e+02 +2.100020342e+02 -1.2477e-02 -1.5344e-02
38 0 +1.463348598e+01 +2.094334860e+02 +2.094334860e+02 -1.9133e-02 -1.9719e-02
39 0 +1.397951542e+01 +2.087795154e+02 +2.087795154e+02 -2.8141e-02 -2.4437e-02
40 0 +1.350993611e+01 +2.083099361e+02 +2.083099361e+02 -3.2844e-02 -2.5125e-02
41 0 +1.281972201e+01 +2.076197220e+02 +2.076197220e+02 -4.5379e-02 -3.0359e-02
42 0 +1.244855484e+01 +2.072485548e+02 +2.072485548e+02 -6.1043e-02 -3.9453e-02
49 0 +1.229891677e+01 +2.070989168e+02 +2.070989168e+02 -6.4472e-02 -4.0167e-02
160 0 +1.189909659e+01 +2.066990966e+02 +2.066990966e+02 -8.4893e-01 +3.8868e-02
161 0 +1.061295090e+01 +2.054129509e+02 +2.054129509e+02 -8.3655e-01 +4.1562e-02
162 0 +9.570674413e+00 +2.043706744e+02 +2.043706744e+02 -8.3994e-01 +3.8537e-02
163 0 +9.462947499e+00 +2.042629475e+02 +2.042629475e+02 -8.7149e-01 +2.7101e-02
165 0 +7.548256573e+00 +2.023482566e+02 +2.023482566e+02 -8.6251e-01 +2.6770e-02
166 0 +7.097831651e+00 +2.018978317e+02 +2.018978317e+02 -8.6929e-01 +2.0720e-02
167 0 +7.008365142e+00 +2.018083651e+02 +2.018083651e+02 -9.0084e-01 +9.2842e-03
172 0 +6.715711697e+00 +2.015157117e+02 +2.015157117e+02 -8.8282e-01 +1.4919e-02
% f evaluations | g evaluations | best noise-free fitness - Fopt (-1.335900000000e+02) + sum g_i+ | measured fitness | best measured fitness or single-digit g-values | x1 | x2...
1 0 +4.434612093e+01 -8.924387907e+01 -8.924387907e+01 +0.0000e+00 +0.0000e+00
3 0 +4.415757534e+01 -8.943242466e+01 -8.943242466e+01 +0.0000e+00 +2.5000e-04
6 0 +4.348192226e+01 -9.010807774e+01 -9.010807774e+01 -5.0000e-04 +6.2500e-04
8 0 +4.254708703e+01 -9.104291297e+01 -9.104291297e+01 -1.2500e-03 +1.0625e-03
10 0 +4.107571182e+01 -9.251428818e+01 -9.251428818e+01 -2.1250e-03 +2.0313e-03
11 0 +3.977156916e+01 -9.381843084e+01 -9.381843084e+01 -2.9375e-03 +2.8594e-03
12 0 +3.849448800e+01 -9.509551200e+01 -9.509551200e+01 -4.0625e-03 +3.3906e-03
13 0 +3.642440222e+01 -9.716559778e+01 -9.716559778e+01 -5.7187e-03 +4.6172e-03
14 0 +3.488552049e+01 -9.870447951e+01 -9.870447951e+01 -6.7813e-03 +6.0078e-03
15 0 +3.278118416e+01 -1.008088158e+02 -1.008088158e+02 -9.2344e-03 +8.2773e-03
16 0 +3.205415220e+01 -1.015358478e+02 -1.015358478e+02 -1.2016e-02 +1.0035e-02
49 0 +3.159404987e+01 -1.019959501e+02 -1.019959501e+02 -5.0566e-03 +1.7143e-02
54 0 +3.055746567e+01 -1.030325343e+02 -1.030325343e+02 +5.8030e-03 +2.7996e-02
55 0 +2.979614444e+01 -1.037938556e+02 -1.037938556e+02 +1.1515e-02 +3.5178e-02
56 0 +2.863590127e+01 -1.049540987e+02 -1.049540987e+02 +1.9801e-02 +4.4196e-02
57 0 +2.785046781e+01 -1.057395322e+02 -1.057395322e+02 +2.4949e-02 +4.7867e-02
58 0 +2.581488907e+01 -1.077751109e+02 -1.077751109e+02 +3.7095e-02 +5.9637e-02
59 0 +2.334650403e+01 -1.102434960e+02 -1.102434960e+02 +5.1093e-02 +7.5837e-02
60 0 +1.996713821e+01 -1.136228618e+02 -1.136228618e+02 +7.3739e-02 +9.9758e-02
61 0 +1.728487642e+01 -1.163051236e+02 -1.163051236e+02 +9.1032e-02 +1.1520e-01
62 0 +1.577961962e+01 -1.178103804e+02 -1.178103804e+02 +1.2665e-01 +1.5070e-01
68 0 +1.454237161e+01 -1.190476284e+02 -1.190476284e+02 +1.2155e-01 +1.4338e-01
69 0 +1.372918829e+01 -1.198608117e+02 -1.198608117e+02 +1.3160e-01 +1.5153e-01
72 0 +1.328896688e+01 -1.203010331e+02 -1.203010331e+02 +1.5045e-01 +1.6764e-01
73 0 +1.305144856e+01 -1.205385514e+02 -1.205385514e+02 +1.6234e-01 +1.7611e-01
74 0 +1.251451513e+01 -1.210754849e+02 -1.210754849e+02 +1.4844e-01 +1.6084e-01
113 0 +1.114395877e+01 -1.224460412e+02 -1.224460412e+02 -2.0672e-01 +1.9106e+00
116 0 +7.612259891e+00 -1.259777401e+02 -1.259777401e+02 -2.1820e-01 +1.9106e+00
131 0 +7.577333505e+00 -1.260126665e+02 -1.260126665e+02 -2.1762e-01 +1.9085e+00
137 0 +7.347058785e+00 -1.262429412e+02 -1.262429412e+02 -2.2430e-01 +1.9051e+00
144 0 +7.173310635e+00 -1.264166894e+02 -1.264166894e+02 -2.2782e-01 +1.9005e+00
302 0 +2.445526620e+00 -1.311444734e+02 -1.311444734e+02 +1.4583e+00 -9.7362e-01
311 0 +1.022282771e+00 -1.325677172e+02 -1.325677172e+02 +1.4492e+00 -9.9188e-01
315 0 +6.079565198e-01 -1.329820435e+02 -1.329820435e+02 +1.4589e+00 -9.7857e-01
318 0 +4.778103796e-01 -1.331121896e+02 -1.331121896e+02 +1.4489e+00 -9.8941e-01
324 0 +4.570327620e-01 -1.331329672e+02 -1.331329672e+02 +1.4486e+00 -9.8819e-01
326 0 +4.393690395e-01 -1.331506310e+02 -1.331506310e+02 +1.4499e+00 -9.8776e-01
% f evaluations | g evaluations | best noise-free fitness - Fopt (-3.085000000000e+01) + sum g_i+ | measured fitness | best measured fitness or single-digit g-values | x1 | x2...
1 0 +3.722890381e+01 +6.378903809e+00 +6.378903809e+00 +0.0000e+00 +0.0000e+00
3 0 +3.720103578e+01 +6.351035782e+00 +6.351035782e+00 +0.0000e+00 +2.5000e-04
5 0 +3.713631465e+01 +6.286314648e+00 +6.286314648e+00 -5.0000e-04 +3.7500e-04
12 0 +3.625579532e+01 +5.405795323e+00 +5.405795323e+00 -4.0625e-03 +3.3906e-03
14 0 +3.539739231e+01 +4.547392307e+00 +4.547392307e+00 -6.7813e-03 +6.0078e-03
15 0 +3.451509304e+01 +3.665093041e+00 +3.665093041e+00 -9.2344e-03 +8.2773e-03
16 0 +3.332242629e+01 +2.472426286e+00 +2.472426286e+00 -1.2016e-02 +1.0035e-02
17 0 +3.122771789e+01 +3.777178859e-01 +3.777178859e-01 -1.6555e-02 +1.3623e-02
18 0 +2.965996875e+01 -1.190031252e+00 -1.190031252e+00 -2.0070e-02 +1.7283e-02
19 0 +2.639170601e+01 -4.458293986e+00 -4.458293986e+00 -2.7246e-02 +2.3616e-02
20 0 +2.368312980e+01 -7.166870196e+00 -7.166870196e+00 -3.4566e-02 +2.8962e-02
21 0 +2.236598306e+01 -8.484016937e+00 -8.484016937e+00 -4.7232e-02 +3.9304e-02
35 0 +2.187153629e+01 -8.978463706e+00 -8.978463706e+00 -4.5267e-02 +3.8893e-02
39 0 +2.129674200e+01 -9.553257999e+00 -9.553257999e+00 -4.6371e-02 +4.1731e-02
41 0 +2.088147822e+01 -9.968521779e+00 -9.968521779e+00 -4.5421e-02 +4.3028e-02
43 0 +1.979581966e+01 -1.105418034e+01 -1.105418034e+01 -4.9156e-02 +4.9516e-02
44 0 +1.891870855e+01 -1.193129145e+01 -1.193129145e+01 -5.1869e-02 +5.4765e-02
46 0 +1.729688057e+01 -1.355311943e+01 -1.355311943e+01 -5.5923e-02 +6.5557e-02
47 0 +1.583523787e+01 -1.501476213e+01 -1.501476213e+01 -6.1350e-02 +7.6055e-02
49 0 +1.486815193e+01 -1.598184807e+01 -1.598184807e+01 -7.1580e-02 +8.5527e-02
50 0 +1.208134398e+01 -1.876865602e+01 -1.876865602e+01 -8.1060e-02 +1.0682e-01
51 0 +1.043874083e+01 -2.041125917e+01 -2.041125917e+01 -9.5656e-02 +1.3284e-01
56 0 +1.022278362e+01 -2.062721638e+01 -2.062721638e+01 -1.0532e-01 +1.5118e-01
222 0 +9.058742527e+00 -2.179125747e+01 -2.179125747e+01 +8.4490e-01 -5.8516e-01
223 0 +8.307263455e+00 -2.254273654e+01 -2.254273654e+01 +8.4089e-01 -5.7533e-01
231 0 +8.097062746e+00 -2.275293725e+01 -2.275293725e+01 +8.3855e-01 -5.6906e-01
% f evaluations | g evaluations | best noise-free fitness - Fopt (-9.200000000000e+00) + sum g_i+ | measured fitness | best measured fitness or single-digit g-values | x1 | x2...
1 0 +2.692463958e+01 +1.772463958e+01 +1.772463958e+01 +0.0000e+00 +0.0000e+00
2 0 +2.679275080e+01 +1.759275080e+01 +1.759275080e+01 +2.5000e-04 +0.0000e+00
6 0 +2.621203134e+01 +1.701203134e+01 +1.701203134e+01 +1.2500e-04 +6.2500e-04
8 0 +2.558116718e+01 +1.638116718e+01 +1.638116718e+01 +4.3750e-04 +1.0625e-03
9 0 +2.502462657e+01 +1.582462657e+01 +1.582462657e+01 +6.5625e-04 +1.4688e-03
11 0 +2.368372073e+01 +1.448372073e+01 +1.448372073e+01 +3.2813e-04 +2.8594e-03
12 0 +2.276665478e+01 +1.356665478e+01 +1.356665478e+01 +9.2188e-04 +3.3906e-03
13 0 +2.118640836e+01 +1.198640836e+01 +1.198640836e+01 +1.3516e-03 +4.6172e-03
14 0 +1.988122907e+01 +1.068122907e+01 +1.068122907e+01 +1.0234e-03 +6.0078e-03
15 0 +1.755204134e+01 +8.352041337e+00 +8.352041337e+00 +1.2070e-03 +8.2773e-03
16 0 +1.567895347e+01 +6.478953469e+00 +6.478953469e+00 +2.2305e-03 +1.0035e-02
17 0 +1.356516924e+01 +4.365169244e+00 +4.365169244e+00 +3.1816e-03 +1.3623e-02
18 0 +1.323370244e+01 +4.033702442e+00 +4.033702442e+00 +3.0371e-03 +1.7283e-02
29 0 +1.316806270e+01 +3.968062704e+00 +3.968062704e+00 +3.0048e-03 +1.6373e-02
40 0 +1.277592788e+01 +3.575927883e+00 +3.575927883e+00 -5.1882e-03 +2.0150e-02
43 0 +1.249864306e+01 +3.298643058e+00 +3.298643058e+00 -1.5945e-02 +2.5537e-02
58 0 +1.229933285e+01 +3.099332848e+00 +3.099332848e+00 -2.6682e-02 +3.2673e-02
317 0 +1.153357386e+01 +2.333573861e+00 +2.333573861e+00 -3.5088e+00 +2.6117e+00
320 0 +8.776245894e+00 -4.237541061e-01 -4.237541061e-01 -3.3835e+00 +2.6443e+00
322 0 +7.066229800e+00 -2.133770200e+00 -2.133770200e+00 -3.4252e+00 +2.5464e+00
327 0 +2.367433239e+00 -6.832566761e+00 -6.832566761e+00 -3.4879e+00 +2.5301e+00
349 0 +2.339589703e+00 -6.860410297e+00 -6.860410297e+00 -3.4852e+00 +2.5292e+00
351 0 +2.289072268e+00 -6.910927732e+00 -6.910927732e+00 -3.4809e+00 +2.5264e+00
% f evaluations | g evaluations | best noise-free fitness - Fopt (-2.037600000000e+02) + sum g_i+ | measured fitness | best measured fitness or single-digit g-values | x1 | x2...
1 0 +4.955880575e+01 -1.542011942e+02 -1.542011942e+02 +0.0000e+00 +0.0000e+00
2 0 +4.954141814e+01 -1.542185819e+02 -1.542185819e+02 +2.5000e-04 +0.0000e+00
13 0 +4.876750018e+01 -1.549924998e+02 -1.549924998e+02 +1.3516e-03 +4.6172e-03
15 0 +4.724283761e+01 -1.565171624e+02 -1.565171624e+02 +1.2070e-03 +8.2773e-03
16 0 +4.672854088e+01 -1.570314591e+02 -1.570314591e+02 +2.2305e-03 +1.0035e-02
17 0 +4.504368901e+01 -1.587163110e+02 -1.587163110e+02 +3.1816e-03 +1.3623e-02
18 0 +4.243064421e+01 -1.613293558e+02 -1.613293558e+02 +3.0371e-03 +1.7283e-02
19 0 +3.834488490e+01 -1.654151151e+02 -1.654151151e+02 +3.8799e-03 +2.3616e-02
20 0 +3.598070784e+01 -1.677792922e+02 -1.677792922e+02 +5.8545e-03 +2.8962e-02
21 0 +3.259500302e+01 -1.711649970e+02 -1.711649970e+02 +8.1782e-03 +3.9304e-02
31 0 +3.232131534e+01 -1.714386847e+02 -1.714386847e+02 +7.6416e-03 +4.1650e-02
55 0 +3.159656746e+01 -1.721634325e+02 -1.721634325e+02 +2.8217e-02 +6.2274e-02
57 0 +3.029571056e+01 -1.734642894e+02 -1.734642894e+02 +4.2014e-02 +7.5628e-02
58 0 +2.869096126e+01 -1.750690387e+02 -1.750690387e+02 +5.4229e-02 +8.7523e-02
59 0 +2.701312439e+01 -1.767468756e+02 -1.767468756e+02 +6.5997e-02 +9.9637e-02
60 0 +2.334381805e+01 -1.804161820e+02 -1.804161820e+02 +8.7038e-02 +1.2062e-01
61 0 +1.962983156e+01 -1.841301684e+02 -1.841301684e+02 +1.0558e-01 +1.3835e-01
62 0 +1.398022434e+01 -1.897797757e+02 -1.897797757e+02 +1.4053e-01 +1.7263e-01
63 0 +1.175703967e+01 -1.920029603e+02 -1.920029603e+02 +1.7334e-01 +2.0572e-01
70 0 +1.167847017e+01 -1.920815298e+02 -1.920815298e+02 +1.7210e-01 +2.0410e-01
77 0 +1.139565530e+01 -1.923643447e+02 -1.923643447e+02 +1.8046e-01 +2.1138e-01
81 0 +1.121508854e+01 -1.925449115e+02 -1.925449115e+02 +1.7939e-01 +2.0758e-01
227 0 +1.080066226e+01 -1.929593377e+02 -1.929593377e+02 -5.5827e-01 +4.0372e+00
229 0 +1.025293894e+01 -1.935070611e+02 -1.935070611e+02 -5.4531e-01 +4.0518e+00
230 0 +1.017192885e+01 -1.935880712e+02 -1.935880712e+02 -5.3441e-01 +4.0625e+00
283 0 +9.518612501e+00 -1.942413875e+02 -1.942413875e+02 +4.1480e-01 +1.1145e+00
287 0 +8.773511771e+00 -1.949864882e+02 -1.949864882e+02 +4.2264e-01 +1.1232e+00
288 0 +8.332419167e+00 -1.954275808e+02 -1.954275808e+02 +4.2926e-01 +1.1308e+00
290 0 +7.721315084e+00 -1.960386849e+02 -1.960386849e+02 +4.4566e-01 +1.1471e+00
412 0 +7.492789178e+00 -1.962672108e+02 -1.962672108e+02 +9.4596e-01 +7.9500e-01
415 0 +7.190800717e+00 -1.965691993e+02 -1.965691993e+02 +9.5657e-01 +8.0640e-01
% f evaluations | g evaluations | best noise-free fitness - Fopt (3.399000000000e+01) + sum g_i+ | measured fitness | best measured fitness or single-digit g-values | x1 | x2...
1 0 +2.986143403e+01 +6.385143403e+01 +6.385143403e+01 +0.0000e+00 +0.0000e+00
2 0 +2.951663150e+01 +6.350663150e+01 +6.350663150e+01 +2.5000e-04 +0.0000e+00
4 0 +2.944587256e+01 +6.343587256e+01 +6.343587256e+01 +2.5000e-04 -2.5000e-04
7 0 +2.837206744e+01 +6.236206744e+01 +6.236206744e+01 +9.3750e-04 -7.5000e-04
8 0 +2.806589346e+01 +6.205589346e+01 +6.205589346e+01 +1.0625e-03 -1.2500e-03
9 0 +2.735842099e+01 +6.134842099e+01 +6.134842099e+01 +1.4688e-03 -1.8750e-03
10 0 +2.656926575e+01 +6.055926575e+01 +6.055926575e+01 +2.0313e-03 -2.1250e-03
11 0 +2.533857739e+01 +5.932857739e+01 +5.932857739e+01 +2.8594e-03 -2.9375e-03
12 0 +2.443336598e+01 +5.842336598e+01 +5.842336598e+01 +3.3906e-03 -4.0625e-03
13 0 +2.273542231e+01 +5.672542231e+01 +5.672542231e+01 +4.6172e-03 -5.7187e-03
14 0 +2.126996297e+01 +5.525996297e+01 +5.525996297e+01 +6.0078e-03 -6.7813e-03
15 0 +1.941605620e+01 +5.340605620e+01 +5.340605620e+01 +8.2773e-03 -9.2344e-03
16 0 +1.852028413e+01 +5.251028413e+01 +5.251028413e+01 +1.0035e-02 -1.2016e-02
35 0 +1.818662946e+01 +5.217662946e+01 +5.217662946e+01 +1.0837e-02 -1.4494e-02
42 0 +1.777498669e+01 +5.176498669e+01 +5.176498669e+01 +1.1477e-02 -1.9274e-02
45 0 +1.726291297e+01 +5.125291297e+01 +5.125291297e+01 +1.0835e-02 -2.3174e-02
47 0 +1.664841112e+01 +5.063841112e+01 +5.063841112e+01 +9.1456e-03 -2.7208e-02
48 0 +1.622167257e+01 +5.021167257e+01 +5.021167257e+01 +7.9800e-03 -3.1175e-02
49 0 +1.575781539e+01 +4.974781539e+01 +4.974781539e+01 +9.8392e-03 -3.8574e-02
50 0 +1.538790734e+01 +4.937790734e+01 +4.937790734e+01 +1.0068e-02 -4.8091e-02
51 0 +1.413180742e+01 +4.812180742e+01 +4.812180742e+01 +6.8072e-03 -5.2325e-02
52 0 +1.309030940e+01 +4.708030940e+01 +4.708030940e+01 +4.5904e-03 -6.5017e-02
54 0 +1.161443408e+01 +4.560443408e+01 +4.560443408e+01 +1.2008e-03 -9.8859e-02
71 0 +1.147686333e+01 +4.546686333e+01 +4.546686333e+01 -1.0446e-03 -1.1068e-01
% f evaluations | g evaluations | best noise-free fitness - Fopt (-1.000000000000e+03) + sum g_i+ | measured fitness | best measured fitness or single-digit g-values | x1 | x2...
1 0 +3.178377554e+01 -9.682162245e+02 -9.682162245e+02 +0.0000e+00 +0.0000e+00
3 0 +3.175643951e+01 -9.682435605e+02 -9.682435605e+02 +0.0000e+00 +2.5000e-04
12 0 +3.157189239e+01 -9.684281076e+02 -9.684281076e+02 -3.2500e-03 +2.5625e-03
23 0 +3.073836401e+01 -9.692616360e+02 -9.692616360e+02 -1.6438e-02 +8.2344e-03
26 0 +2.999591912e+01 -9.700040809e+02 -9.700040809e+02 -2.9531e-02 +1.4695e-02
27 0 +2.908645828e+01 -9.709135417e+02 -9.709135417e+02 -3.6719e-02 +1.6867e-02
28 0 +2.787653392e+01 -9.721234661e+02 -9.721234661e+02 -4.8328e-02 +2.1488e-02
29 0 +2.751951247e+01 -9.724804875e+02 -9.724804875e+02 -5.7172e-02 +2.6387e-02
30 0 +2.612130376e+01 -9.738786962e+02 -9.738786962e+02 -7.5414e-02 +3.4682e-02
31 0 +2.350847735e+01 -9.764915226e+02 -9.764915226e+02 -9.4211e-02 +4.1475e-02
32 0 +2.067533480e+01 -9.793246652e+02 -9.793246652e+02 -1.2655e-01 +5.4864e-02
35 0 +2.018333796e+01 -9.798166620e+02 -9.798166620e+02 -1.7243e-01 +7.4851e-02
36 0 +1.869738951e+01 -9.813026105e+02 -9.813026105e+02 -1.4535e-01 +6.1657e-02
37 0 +1.773915131e+01 -9.822608487e+02 -9.822608487e+02 -1.4120e-01 +5.8457e-02
39 0 +1.534268767e+01 -9.846573123e+02 -9.846573123e+02 -1.5586e-01 +6.2050e-02
40 0 +1.501379338e+01 -9.849862066e+02 -9.849862066e+02 -1.4757e-01 +5.5649e-02
43 0 +1.317263470e+01 -9.868273653e+02 -9.868273653e+02 -1.7210e-01 +6.4941e-02
44 0 +1.246469395e+01 -9.875353060e+02 -9.875353060e+02 -1.8755e-01 +6.8182e-02
47 0 +1.217590118e+01 -9.878240988e+02 -9.878240988e+02 -2.0663e-01 +7.7365e-02
242 0 +1.093489383e+01 -9.890651062e+02 -9.890651062e+02 -1.4607e+00 +1.0718e-01
243 0 +9.646103159e+00 -9.903538968e+02 -9.903538968e+02 -1.4976e+00 +1.1888e-01
248 0 +9.200699658e+00 -9.907993003e+02 -9.907993003e+02 -1.4904e+00 +1.1991e-01
250 0 +8.990095884e+00 -9.910099041e+02 -9.910099041e+02 -1.5070e+00 +1.2602e-01
289 0 +8.659730818e+00 -9.913402692e+02 -9.913402692e+02 +2.4505e-01 -2.3299e+00
328 0 +8.507498786e+00 -9.914925012e+02 -9.914925012e+02 +2.4069e-01 -2.3274e+00
377 0 +8.301196282e+00 -9.916988037e+02 -9.916988037e+02 -9.9908e-02 -2.6315e+00
382 0 +8.086403136e+00 -9.919135969e+02 -9.919135969e+02 -1.0068e-01 -2.6304e+00
399 0 +7.925163267e+00 -9.920748367e+02 -9.920748367e+02 -1.0182e-01 -2.6290e+00
404 0 +7.727763001e+00 -9.922722370e+02 -9.922722370e+02 -1.0596e-01 -2.6282e+00
406 0 +7.487108253e+00 -9.925128917e+02 -9.925128917e+02 -1.0994e-01 -2.6262e+00
409 0 +7.209031557e+00 -9.927909684e+02 -9.927909684e+02 -1.2029e-01 -2.6236e+00
413 0 +6.958222959e+00 -9.930417770e+02 -9.930417770e+02 -1.2706e-01 -2.6206e+00
414 0 +6.852756549e+00 -9.931472435e+02 -9.931472435e+02 -1.3243e-01 -2.6181e+00
% f evaluations | g evaluations | best noise-free fitness - Fopt (-1.000000000000e+03) + sum g_i+ | measured fitness | best measured fitness or single-digit g-values | x1 | x2...
1 0 +1.667179056e+01 -9.833282094e+02 -9.833282094e+02 +0.0000e+00 +0.0000e+00
4 0 +1.661206628e+01 -9.833879337e+02 -9.833879337e+02 +2.5000e-04 -2.5000e-04
5 0 +1.651944974e+01 -9.834805503e+02 -9.834805503e+02 +3.7500e-04 -5.0000e-04
8 0 +1.619025403e+01 -9.838097460e+02 -9.838097460e+02 +4.3750e-04 -1.2500e-03
11 0 +1.564123876e+01 -9.843587612e+02 -9.843587612e+02 +3.2813e-04 -2.9375e-03
22 0 +1.547101282e+01 -9.845289872e+02 -9.845289872e+02 +9.4727e-05 -4.0742e-03
32 0 +1.492858651e+01 -9.850714135e+02 -9.850714135e+02 -5.6196e-03 -2.0300e-03
33 0 +1.472087204e+01 -9.852791280e+02 -9.852791280e+02 -7.9234e-03 -1.3590e-03
35 0 +1.427676263e+01 -9.857232374e+02 -9.857232374e+02 -1.3415e-02 +1.1086e-03
36 0 +1.391393278e+01 -9.860860672e+02 -9.860860672e+02 -1.8023e-02 +2.4507e-03
38 0 +1.350622864e+01 -9.864937714e+02 -9.864937714e+02 -2.6354e-02 +4.0092e-03
39 0 +1.320648964e+01 -9.867935104e+02 -9.867935104e+02 -3.5569e-02 +6.6932e-03
40 0 +1.283738085e+01 -9.871626191e+02 -9.871626191e+02 -3.7337e-02 +8.9445e-03
41 0 +1.248789695e+01 -9.875121030e+02 -9.875121030e+02 -4.7878e-02 +1.3317e-02
80 0 +1.018320568e+01 -9.898167943e+02 -9.898167943e+02 -1.8367e+00 +4.9520e-01
98 0 +9.929297419e+00 -9.900707026e+02 -9.900707026e+02 -1.8281e+00 +4.9095e-01
143 0 +9.291423594e+00 -9.907085764e+02 -9.907085764e+02 +3.1675e-01 +1.0633e+00
150 0 +5.554109901e+00 -9.944458901e+02 -9.944458901e+02 +3.1066e-01 +1.0749e+00
156 0 +5.100036157e+00 -9.948999638e+02 -9.948999638e+02 +3.0533e-01 +1.0763e+00
160 0 +4.923402243e+00 -9.950765978e+02 -9.950765978e+02 +3.0387e-01 +1.0745e+00
162 0 +4.727446539e+00 -9.952725535e+02 -9.952725535e+02 +3.0000e-01 +1.0778e+00
163 0 +4.631436883e+00 -9.953685631e+02 -9.953685631e+02 +2.9540e-01 +1.0801e+00
164 0 +4.434039807e+00 -9.955659602e+02 -9.955659602e+02 +2.9394e-01 +1.0783e+00
166 0 +4.040679623e+00 -9.959593204e+02 -9.959593204e+02 +2.7977e-01 +1.0849e+00
174 0 +3.979462215e+00 -9.960205378e+02 -9.960205378e+02 +2.6663e-01 +1.0887e+00
% f evaluations | g evaluations | best noise-free fitness - Fopt (-1.272000000000e+01) + sum g_i+ | measured fitness | best measured fitness or single-digit g-values | x1 | x2...
1 0 +4.683673216e+01 +3.411673216e+01 +3.411673216e+01 +0.0000e+00 +0.0000e+00
3 0 +4.656563816e+01 +3.384563816e+01 +3.384563816e+01 +0.0000e+00 +2.5000e-04
7 0 +4.565677756e+01 +3.293677756e+01 +3.293677756e+01 -7.5000e-04 +9.3750e-04
10 0 +4.410241287e+01 +3.138241287e+01 +3.138241287e+01 -2.1250e-03 +2.0313e-03
11 0 +4.293284832e+01 +3.021284832e+01 +3.021284832e+01 -2.9375e-03 +2.8594e-03
12 0 +4.204275218e+01 +2.932275218e+01 +2.932275218e+01 -4.0625e-03 +3.3906e-03
13 0 +4.019320027e+01 +2.747320027e+01 +2.747320027e+01 -5.7187e-03 +4.6172e-03
14 0 +3.833152368e+01 +2.561152368e+01 +2.561152368e+01 -6.7813e-03 +6.0078e-03
15 0 +3.545993596e+01 +2.273993596e+01 +2.273993596e+01 -9.2344e-03 +8.2773e-03
16 0 +3.353570215e+01 +2.081570215e+01 +2.081570215e+01 -1.2016e-02 +1.0035e-02
17 0 +3.154471454e+01 +1.882471454e+01 +1.882471454e+01 -1.6555e-02 +1.3623e-02
43 0 +3.081878710e+01 +1.809878710e+01 +1.809878710e+01 -2.7028e-02 +1.2700e-02
46 0 +3.017257832e+01 +1.745257832e+01 +1.745257832e+01 -3.6992e-02 +1.2760e-02
48 0 +2.940849357e+01 +1.668849357e+01 +1.668849357e+01 -4.4401e-02 +1.1199e-02
49 0 +2.866030192e+01 +1.594030192e+01 +1.594030192e+01 -5.1667e-02 +9.9376e-03
50 0 +2.761862811e+01 +1.489862811e+01 +1.489862811e+01 -6.5048e-02 +9.8173e-03
51 0 +2.601229016e+01 +1.329229016e+01 +1.329229016e+01 -8.2349e-02 +8.4658e-03
52 0 +2.442681994e+01 +1.170681994e+01 +1.170681994e+01 -9.0190e-02 +6.0038e-03
53 0 +2.140869330e+01 +8.688693300e+00 +8.688693300e+00 -1.1337e-01 +2.8058e-03
54 0 +1.902763350e+01 +6.307633499e+00 +6.307633499e+00 -1.4405e-01 +1.3340e-03
55 0 +1.636505427e+01 +3.645054271e+00 +3.645054271e+00 -1.9025e-01 -2.9678e-03
56 0 +1.380676603e+01 +1.086766029e+00 +1.086766029e+00 -2.2127e-01 -8.6279e-03
63 0 +1.306408019e+01 +3.440801896e-01 +3.440801896e-01 -2.5229e-01 -1.4288e-02
64 0 +1.284653541e+01 +1.265354092e-01 +1.265354092e-01 -2.6401e-01 -1.7457e-02
65 0 +1.197786122e+01 -7.421387819e-01 -7.421387819e-01 -2.2540e-01 -1.2477e-02
73 0 +1.167608046e+01 -1.043919543e+00 -1.043919543e+00 -2.3204e-01 -1.4783e-02
118 0 +1.105876305e+01 -1.661236950e+00 -1.661236950e+00 -4.1767e+00 +5.0318e-01
120 0 +1.050625682e+01 -2.213743182e+00 -2.213743182e+00 -4.1828e+00 +4.9777e-01
123 0 +1.032310501e+01 -2.396894994e+00 -2.396894994e+00 -4.1875e+00 +5.0007e-01
125 0 +1.019824693e+01 -2.521753068e+00 -2.521753068e+00 -4.1995e+00 +4.9754e-01
308 0 +9.982394811e+00 -2.737605189e+00 -2.737605189e+00 -7.2790e-01 -8.2987e-02
398 0 +8.177631738e+00 -4.542368262e+00 -4.542368262e+00 +1.5050e+00 +1.5853e+00
404 0 +5.640856616e+00 -7.079143384e+00 -7.079143384e+00 +1.5205e+00 +1.5902e+00
405 0 +3.419155171e+00 -9.300844829e+00 -9.300844829e+00 +1.5460e+00 +1.5926e+00
408 0 +1.124266940e+00 -1.159573306e+01 -1.159573306e+01 +1.5869e+00 +1.5998e+00
419 0 +1.015999793e+00 -1.170400021e+01 -1.170400021e+01 +1.6028e+00 +1.6012e+00
424 0 +9.977405997e-01 -1.172225940e+01 -1.172225940e+01 +1.5995e+00 +1.6017e+00
% f evaluations | g evaluations | best noise-free fitness - Fopt (-5.954000000000e+01) + sum g_i+ | measured fitness | best measured fitness or single-digit g-values | x1 | x2...
1 0 +4.065867381e+01 -1.888132619e+01 -1.888132619e+01 +0.0000e+00 +0.0000e+00
2 0 +4.040839499e+01 -1.913160501e+01 -1.913160501e+01 +2.5000e-04 +0.0000e+00
6 0 +3.978694081e+01 -1.975305919e+01 -1.975305919e+01 +6.2500e-04 -5.0000e-04
9 0 +3.818433806e+01 -2.135566194e+01 -2.135566194e+01 +1.4688e-03 -1.8750e-03
10 0 +3.740714679e+01 -2.213285321e+01 -2.213285321e+01 +2.0313e-03 -2.1250e-03
11 0 +3.598003041e+01 -2.355996959e+01 -2.355996959e+01 +2.8594e-03 -2.9375e-03
12 0 +3.470719029e+01 -2.483280971e+01 -2.483280971e+01 +3.3906e-03 -4.0625e-03
13 0 +3.220413019e+01 -2.733586981e+01 -2.733586981e+01 +4.6172e-03 -5.7187e-03
14 0 +2.975388465e+01 -2.978611535e+01 -2.978611535e+01 +6.0078e-03 -6.7813e-03
15 0 +2.541226916e+01 -3.412773084e+01 -3.412773084e+01 +8.2773e-03 -9.2344e-03
16 0 +2.188546562e+01 -3.765453438e+01 -3.765453438e+01 +1.0035e-02 -1.2016e-02
17 0 +1.671992907e+01 -4.282007093e+01 -4.282007093e+01 +1.3623e-02 -1.6555e-02
18 0 +1.442248277e+01 -4.511751723e+01 -4.511751723e+01 +1.7283e-02 -2.0070e-02
45 0 +1.409808437e+01 -4.544191563e+01 -4.544191563e+01 +1.9124e-02 -1.7302e-02
51 0 +1.372874402e+01 -4.581125598e+01 -4.581125598e+01 +2.2076e-02 -1.3027e-02
53 0 +1.341900714e+01 -4.612099286e+01 -4.612099286e+01 +2.2988e-02 -4.5958e-03
54 0 +1.313740988e+01 -4.640259012e+01 -4.640259012e+01 +2.4977e-02 -3.7477e-03
56 0 +1.281676897e+01 -4.672323103e+01 -4.672323103e+01 +2.8333e-02 +9.7478e-03
58 0 +1.239962850e+01 -4.714037150e+01 -4.714037150e+01 +3.2767e-02 +1.5660e-02
64 0 +1.229348432e+01 -4.724651568e+01 -4.724651568e+01 +3.7004e-02 +2.8525e-02
120 0 +1.155657544e+01 -4.798342456e+01 -4.798342456e+01 -8.4298e-01 +2.6357e+00
121 0 +1.122692234e+01 -4.831307766e+01 -4.831307766e+01 -8.4005e-01 +2.6452e+00
123 0 +1.073192583e+01 -4.880807417e+01 -4.880807417e+01 -8.3135e-01 +2.6662e+00
132 0 +1.070720451e+01 -4.883279549e+01 -4.883279549e+01 -8.3168e-01 +2.6628e+00
161 0 +9.232193238e+00 -5.030780676e+01 -5.030780676e+01 +2.4988e+00 +2.1818e+00
164 0 +5.442767153e+00 -5.409723285e+01 -5.409723285e+01 +2.5300e+00 +2.1039e+00
183 0 +5.206169812e+00 -5.433383019e+01 -5.433383019e+01 +2.5353e+00 +2.1061e+00
184 0 +4.801620325e+00 -5.473837967e+01 -5.473837967e+01 +2.5336e+00 +2.1006e+00
188 0 +4.402110840e+00 -5.513788916e+01 -5.513788916e+01 +2.5305e+00 +2.0982e+00
189 0 +4.193067348e+00 -5.534693265e+01 -5.534693265e+01 +2.5281e+00 +2.0942e+00
190 0 +3.988071115e+00 -5.555192888e+01 -5.555192888e+01 +2.5295e+00 +2.0912e+00
191 0 +3.829279816e+00 -5.571072018e+01 -5.571072018e+01 +2.5281e+00 +2.0849e+00
192 0 +3.206304950e+00 -5.633369505e+01 -5.633369505e+01 +2.5227e+00 +2.0785e+00
193 0 +3.058176431e+00 -5.648182357e+01 -5.648182357e+01 +2.5172e+00 +2.0674e+00
194 0 +2.743786334e+00 -5.679621367e+01 -5.679621367e+01 +2.5172e+00 +2.0582e+00
199 0 +2.649449031e+00 -5.689055097e+01 -5.689055097e+01 +2.5131e+00 +2.0487e+00
201 0 +2.576735959e+00 -5.696326404e+01 -5.696326404e+01 +2.5134e+00 +2.0526e+00
% f evaluations | g evaluations | best noise-free fitness - Fopt (-1.000000000000e+03) + sum g_i+ | measured fitness | best measured fitness or single-digit g-values | x1 | x2...
1 0 +4.865169444e+01 -9.513483056e+02 -9.513483056e+02 +0.0000e+00 +0.0000e+00
4 0 +4.861317799e+01 -9.513868220e+02 -9.513868220e+02 -2.5000e-04 +2.5000e-04
9 0 +4.776011851e+01 -9.522398815e+02 -9.522398815e+02 -1.8750e-03 +6.5625e-04
12 0 +4.630159941e+01 -9.536984006e+02 -9.536984006e+02 -4.0625e-03 +9.2188e-04
13 0 +4.523373650e+01 -9.547662635e+02 -9.547662635e+02 -5.7187e-03 +1.3516e-03
14 0 +4.409797743e+01 -9.559020226e+02 -9.559020226e+02 -6.7813e-03 +1.0234e-03
15 0 +4.201640625e+01 -9.579835937e+02 -9.579835937e+02 -9.2344e-03 +1.2070e-03
16 0 +4.020533577e+01 -9.597946642e+02 -9.597946642e+02 -1.2016e-02 +2.2305e-03
17 0 +3.680675627e+01 -9.631932437e+02 -9.631932437e+02 -1.6555e-02 +3.1816e-03
18 0 +3.396736659e+01 -9.660326334e+02 -9.660326334e+02 -2.0070e-02 +3.0371e-03
19 0 +3.079306081e+01 -9.692069392e+02 -9.692069392e+02 -2.7246e-02 +3.8799e-03
33 0 +3.016922665e+01 -9.698307734e+02 -9.698307734e+02 -3.3782e-02 +6.6334e-03
40 0 +2.949501088e+01 -9.705049891e+02 -9.705049891e+02 -4.0306e-02 +1.2747e-02
42 0 +2.879886321e+01 -9.712011368e+02 -9.712011368e+02 -4.3266e-02 +1.6901e-02
44 0 +2.806425280e+01 -9.719357472e+02 -9.719357472e+02 -5.5430e-02 +2.6539e-02
46 0 +2.577297930e+01 -9.742270207e+02 -9.742270207e+02 -6.7433e-02 +3.9666e-02
47 0 +2.376374723e+01 -9.762362528e+02 -9.762362528e+02 -7.8919e-02 +5.1561e-02
49 0 +2.010863533e+01 -9.798913647e+02 -9.798913647e+02 -1.1131e-01 +8.2324e-02
50 0 +1.695529022e+01 -9.830447098e+02 -9.830447098e+02 -1.3429e-01 +1.0611e-01
51 0 +1.596801506e+01 -9.840319849e+02 -9.840319849e+02 -1.1544e-01 +9.2172e-02
52 0 +1.334019113e+01 -9.866598089e+02 -9.866598089e+02 -1.2428e-01 +1.0551e-01
53 0 +1.058078812e+01 -9.894192119e+02 -9.894192119e+02 -1.7965e-01 +1.6006e-01
55 0 +1.023170886e+01 -9.897682911e+02 -9.897682911e+02 -1.6965e-01 +1.5945e-01
60 0 +9.606990910e+00 -9.903930091e+02 -9.903930091e+02 -1.6960e-01 +1.5305e-01
65 0 +9.507178681e+00 -9.904928213e+02 -9.904928213e+02 -1.7717e-01 +1.6271e-01
266 0 +9.248895651e+00 -9.907511043e+02 -9.907511043e+02 -8.8197e-01 -1.8115e-01
267 0 +8.861683191e+00 -9.911383168e+02 -9.911383168e+02 -8.8768e-01 -1.7779e-01
357 0 +5.563626631e+00 -9.944363734e+02 -9.944363734e+02 -1.7923e+00 +5.7138e-01
372 0 +4.506083285e+00 -9.954939167e+02 -9.954939167e+02 -1.7937e+00 +5.8008e-01
373 0 +3.993454287e+00 -9.960065457e+02 -9.960065457e+02 -1.7881e+00 +5.7383e-01
378 0 +3.587819952e+00 -9.964121800e+02 -9.964121800e+02 -1.7825e+00 +5.6758e-01
379 0 +3.482906578e+00 -9.965170934e+02 -9.965170934e+02 -1.7780e+00 +5.6429e-01
382 0 +3.202742564e+00 -9.967972574e+02 -9.967972574e+02 -1.7744e+00 +5.5895e-01
383 0 +3.046467375e+00 -9.969535326e+02 -9.969535326e+02 -1.7675e+00 +5.5151e-01
% f evaluations | g evaluations | best noise-free fitness - Fopt (4.303000000000e+01) + sum g_i+ | measured fitness | best measured fitness or single-digit g-values | x1 | x2...
1 0 +3.140636043e+01 +7.443636043e+01 +7.443636043e+01 +0.0000e+00 +0.0000e+00
2 0 +3.138638105e+01 +7.441638105e+01 +7.441638105e+01 +2.5000e-04 +0.0000e+00
11 0 +3.086602191e+01 +7.389602191e+01 +7.389602191e+01 +2.8594e-03 -2.9375e-03
26 0 +3.019454102e+01 +7.322454102e+01 +7.322454102e+01 +8.3602e-03 -1.2601e-02
31 0 +2.948896966e+01 +7.251896966e+01 +7.251896966e+01 +7.7019e-03 -2.0168e-02
33 0 +2.841432553e+01 +7.144432553e+01 +7.144432553e+01 +3.4848e-03 -2.1743e-02
35 0 +2.730388893e+01 +7.033388893e+01 +7.033388893e+01 +8.0486e-04 -3.0331e-02
36 0 +2.620195177e+01 +6.923195177e+01 +6.923195177e+01 -2.6436e-03 -3.5413e-02
38 0 +2.400681996e+01 +6.703681996e+01 +6.703681996e+01 -1.0309e-02 -4.2069e-02
39 0 +2.197693960e+01 +6.500693960e+01 +6.500693960e+01 -1.7206e-02 -5.2231e-02
41 0 +1.813395565e+01 +6.116395565e+01 +6.116395565e+01 -3.0232e-02 -7.6065e-02
42 0 +1.529000247e+01 +5.832000247e+01 +5.832000247e+01 -4.4026e-02 -9.6391e-02
45 0 +1.224297501e+01 +5.527297501e+01 +5.527297501e+01 -7.0845e-02 -1.4055e-01
46 0 +1.200294261e+01 +5.503294261e+01 +5.503294261e+01 -8.3486e-02 -1.6614e-01
93 0 +7.392231089e+00 +5.042223109e+01 +5.042223109e+01 -2.6347e+00 +1.9065e+00
105 0 +4.472990236e+00 +4.750299024e+01 +4.750299024e+01 -2.6400e+00 +1.9214e+00
109 0 +3.695094480e+00 +4.672509448e+01 +4.672509448e+01 -2.6524e+00 +1.8987e+00
111 0 +2.724530787e+00 +4.575453079e+01 +4.575453079e+01 -2.6496e+00 +1.8956e+00
