% f evaluations | g evaluations | best noise-free fitness - Fopt (-4.620900000000e+02) + sum g_i+ | measured fitness | best measured fitness or single-digit g-values | x1 | x2...
1 0 +9.180962943e+01 -3.702803706e+02 -3.702803706e+02 +0.0000e+00 +0.0000e+00 +0.0000e+00
3 0 +9.180692556e+01 -3.702830744e+02 -3.702830744e+02 +0.0000e+00 +2.5000e-04 +0.0000e+00
21 0 +9.118855115e+01 -3.709014489e+02 -3.709014489e+02 +2.1389e-03 +6.2500e-03 -1.1611e-02
69 0 +8.812074723e+01 -3.739692528e+02 -3.739692528e+02 -7.8898e-02 +2.6752e-03 -2.4214e-02
71 0 +8.520061144e+01 -3.768893886e+02 -3.768893886e+02 -1.2303e-01 -7.7920e-03 -1.8295e-02
72 0 +8.351125865e+01 -3.785787413e+02 -3.785787413e+02 -1.4117e-01 -8.0271e-03 -2.3573e-02
73 0 +7.824051450e+01 -3.838494855e+02 -3.838494855e+02 -1.9626e-01 -1.6370e-02 -2.3237e-02
74 0 +7.724271837e+01 -3.848472816e+02 -3.848472816e+02 -2.0915e-01 -2.0391e-02 -1.4614e-02
75 0 +7.166569701e+01 -3.904243030e+02 -3.904243030e+02 -2.8558e-01 -3.3619e-02 -7.3128e-03
76 0 +7.051234592e+01 -3.915776541e+02 -3.915776541e+02 -3.2435e-01 -4.1196e-02 -8.3488e-03
131 0 +6.914597643e+01 -3.929440236e+02 -3.929440236e+02 -3.3968e-01 -2.1080e-02 -3.0622e-02
418 0 +6.710803491e+01 -3.949819651e+02 -3.949819651e+02 -3.2899e+00 +2.2784e+00 -4.1496e-01
423 0 +6.596336663e+01 -3.961266334e+02 -3.961266334e+02 -3.2925e+00 +2.3143e+00 -4.0338e-01
511 0 +6.347409784e+01 -3.986159022e+02 -3.986159022e+02 +8.5700e-01 -1.6453e+00 +1.8864e+00
514 0 +6.172127043e+01 -4.003687296e+02 -4.003687296e+02 +7.9938e-01 -1.6469e+00 +1.9218e+00
515 0 +6.163059558e+01 -4.004594044e+02 -4.004594044e+02 +7.5139e-01 -1.6364e+00 +1.9329e+00
518 0 +5.935343208e+01 -4.027365679e+02 -4.027365679e+02 +7.5440e-01 -1.6150e+00 +1.8930e+00
529 0 +5.872853163e+01 -4.033614684e+02 -4.033614684e+02 +7.1022e-01 -1.6091e+00 +1.9012e+00
596 0 +5.661484921e+01 -4.054751508e+02 -4.054751508e+02 -7.6051e-01 +1.5544e+00 +3.7514e+00
598 0 +5.218150789e+01 -4.099084921e+02 -4.099084921e+02 -7.9059e-01 +1.6192e+00 +3.6146e+00
599 0 +5.098273678e+01 -4.111072632e+02 -4.111072632e+02 -7.9918e-01 +1.7002e+00 +3.5755e+00
601 0 +4.860581884e+01 -4.134841812e+02 -4.134841812e+02 -7.6624e-01 +1.7461e+00 +3.7449e+00
610 0 +4.782053020e+01 -4.142694698e+02 -4.142694698e+02 -7.9223e-01 +1.7010e+00 +3.7419e+00
634 0 +4.673420332e+01 -4.153557967e+02 -4.153557967e+02 -9.6567e-01 +1.6718e+00 +3.7124e+00
638 0 +4.467450978e+01 -4.174154902e+02 -4.174154902e+02 -1.0864e+00 +1.6774e+00 +3.7103e+00
639 0 +3.907950639e+01 -4.230104936e+02 -4.230104936e+02 -1.1841e+00 +1.6729e+00 +3.7102e+00
641 0 +3.246184821e+01 -4.296281518e+02 -4.296281518e+02 -1.2599e+00 +1.6493e+00 +3.7024e+00
642 0 +3.037881101e+01 -4.317111890e+02 -4.317111890e+02 -1.3935e+00 +1.6297e+00 +3.7064e+00
646 0 +2.793934394e+01 -4.341506561e+02 -4.341506561e+02 -1.3268e+00 +1.6539e+00 +3.7088e+00
658 0 +2.753651514e+01 -4.345534849e+02 -4.345534849e+02 -1.3483e+00 +1.6605e+00 +3.7102e+00
665 0 +2.687922690e+01 -4.352107731e+02 -4.352107731e+02 -1.3417e+00 +1.6974e+00 +3.7209e+00
% f evaluations | g evaluations | best noise-free fitness - Fopt (7.766000000000e+01) + sum g_i+ | measured fitness | best measured fitness or single-digit g-values | x1 | x2...
1 0 +7.373269304e+01 +1.513926930e+02 +1.513926930e+02 +0.0000e+00 +0.0000e+00 +0.0000e+00
2 0 +7.371985022e+01 +1.513798502e+02 +1.513798502e+02 +2.5000e-04 +0.0000e+00 +0.0000e+00
19 0 +7.227311402e+01 +1.499331140e+02 +1.499331140e+02 +2.0000e-03 -7.8889e-03 +4.6944e-03
23 0 +7.059120728e+01 +1.482512073e+02 +1.482512073e+02 +4.9722e-03 -1.7278e-02 +9.8333e-03
25 0 +6.891105339e+01 +1.465710534e+02 +1.465710534e+02 +7.5556e-03 -2.7222e-02 +1.5222e-02
26 0 +6.722791469e+01 +1.448879147e+02 +1.448879147e+02 +1.0333e-02 -3.7667e-02 +2.1000e-02
28 0 +6.470175250e+01 +1.423617525e+02 +1.423617525e+02 +1.6667e-02 -5.5000e-02 +2.9583e-02
29 0 +6.375878026e+01 +1.414187803e+02 +1.414187803e+02 +1.7583e-02 -6.1611e-02 +3.4472e-02
30 0 +6.108346821e+01 +1.387434682e+02 +1.387434682e+02 +2.3917e-02 -8.4500e-02 +4.7583e-02
31 0 +6.016051249e+01 +1.378205125e+02 +1.378205125e+02 +2.7194e-02 -9.4611e-02 +5.1944e-02
32 0 +5.735130264e+01 +1.350113026e+02 +1.350113026e+02 +3.7417e-02 -1.3017e-01 +7.1167e-02
34 0 +5.299974340e+01 +1.306597434e+02 +1.306597434e+02 +5.7333e-02 -1.9433e-01 +1.0633e-01
35 0 +5.105254403e+01 +1.287125440e+02 +1.287125440e+02 +6.2444e-02 -2.1767e-01 +1.2047e-01
36 0 +4.277911665e+01 +1.204391166e+02 +1.204391166e+02 +8.5333e-02 -2.9900e-01 +1.6592e-01
37 0 +4.261947690e+01 +1.202794769e+02 +1.202794769e+02 +9.6139e-02 -3.3117e-01 +1.8136e-01
90 0 +4.160979574e+01 +1.192697957e+02 +1.192697957e+02 +1.3260e-01 -3.2413e-01 +1.2448e-01
151 0 +4.072748720e+01 +1.183874872e+02 +1.183874872e+02 +1.6557e-01 -3.1917e-01 +9.4398e-02
156 0 +3.970509605e+01 +1.173650960e+02 +1.173650960e+02 +1.6195e-01 -3.1973e-01 +1.3045e-01
158 0 +3.840206445e+01 +1.160620644e+02 +1.160620644e+02 +1.9842e-01 -3.1409e-01 +1.1048e-01
160 0 +3.764432195e+01 +1.153043220e+02 +1.153043220e+02 +1.9230e-01 -3.1732e-01 +1.4896e-01
161 0 +3.659973712e+01 +1.142597371e+02 +1.142597371e+02 +2.0436e-01 -3.1955e-01 +1.7259e-01
162 0 +3.600179597e+01 +1.136617960e+02 +1.136617960e+02 +2.2679e-01 -3.1032e-01 +1.4829e-01
163 0 +3.451830622e+01 +1.121783062e+02 +1.121783062e+02 +2.5920e-01 -3.0562e-01 +1.5721e-01
165 0 +3.295896607e+01 +1.106189661e+02 +1.106189661e+02 +3.0133e-01 -3.1637e-01 +1.7022e-01
166 0 +3.168571617e+01 +1.093457162e+02 +1.093457162e+02 +3.1150e-01 -3.1360e-01 +2.2286e-01
167 0 +3.152029424e+01 +1.091802942e+02 +1.091802942e+02 +3.6804e-01 -3.1335e-01 +2.7905e-01
168 0 +2.995755533e+01 +1.076175553e+02 +1.076175553e+02 +4.1469e-01 -3.0401e-01 +2.3172e-01
544 0 +1.512443631e+01 +9.278443631e+01 +9.278443631e+01 +1.2590e+00 +1.9071e-01 -9.5510e-01
545 0 +8.317090242e+00 +8.597709024e+01 +8.597709024e+01 +1.3102e+00 +2.0563e-01 -1.2735e+00
560 0 +7.350201843e+00 +8.501020184e+01 +8.501020184e+01 +1.3489e+00 +2.0973e-01 -1.5779e+00
585 0 +7.185845469e+00 +8.484584547e+01 +8.484584547e+01 +1.3516e+00 +2.0921e-01 -1.5840e+00
593 0 +7.029616769e+00 +8.468961677e+01 +8.468961677e+01 +1.3561e+00 +2.0891e-01 -1.5859e+00
598 0 +6.750310953e+00 +8.441031095e+01 +8.441031095e+01 +1.3642e+00 +2.0833e-01 -1.5866e+00
599 0 +6.591219956e+00 +8.425121996e+01 +8.425121996e+01 +1.3694e+00 +2.0825e-01 -1.5862e+00
602 0 +6.441930788e+00 +8.410193079e+01 +8.410193079e+01 +1.3775e+00 +2.0947e-01 -1.5853e+00
604 0 +6.213148551e+00 +8.387314855e+01 +8.387314855e+01 +1.3905e+00 +2.0870e-01 -1.5788e+00
610 0 +6.165330428e+00 +8.382533043e+01 +8.382533043e+01 +1.4080e+00 +2.0893e-01 -1.5805e+00
626 0 +6.019038580e+00 +8.367903858e+01 +8.367903858e+01 +1.4016e+00 +2.0480e-01 -1.5835e+00
% f evaluations | g evaluations | best noise-free fitness - Fopt (1.156800000000e+02) + sum g_i+ | measured fitness | best measured fitness or single-digit g-values | x1 | x2...
1 0 +4.079349721e+01 +1.564734972e+02 +1.564734972e+02 +0.0000e+00 +0.0000e+00 +0.0000e+00
3 0 +4.074152798e+01 +1.564215280e+02 +1.564215280e+02 +0.0000e+00 +2.5000e-04 +0.0000e+00
5 0 +4.072847195e+01 +1.564084719e+02 +1.564084719e+02 +1.6667e-04 +1.6667e-04 -2.5000e-04
14 0 +3.977999069e+01 +1.554599907e+02 +1.554599907e+02 -7.5000e-04 +2.2500e-03 -2.5000e-03
18 0 +3.832878866e+01 +1.540087887e+02 +1.540087887e+02 -1.0000e-03 +5.0000e-03 -7.0000e-03
20 0 +3.697434975e+01 +1.526543498e+02 +1.526543498e+02 -2.0000e-03 +8.2500e-03 -1.0000e-02
22 0 +3.494942893e+01 +1.506294289e+02 +1.506294289e+02 -1.7500e-03 +1.2250e-02 -1.6500e-02
23 0 +3.432651474e+01 +1.500065147e+02 +1.500065147e+02 -2.9167e-03 +1.3500e-02 -1.7833e-02
24 0 +3.197877123e+01 +1.476587712e+02 +1.476587712e+02 -4.2500e-03 +1.8500e-02 -2.4500e-02
25 0 +3.103691873e+01 +1.467169187e+02 +1.467169187e+02 -4.3333e-03 +2.1000e-02 -2.7000e-02
26 0 +2.779363590e+01 +1.434736359e+02 +1.434736359e+02 -6.0000e-03 +2.9000e-02 -3.7000e-02
27 0 +2.669753914e+01 +1.423775391e+02 +1.423775391e+02 -6.0000e-03 +3.1583e-02 -4.2000e-02
28 0 +2.330384540e+01 +1.389838454e+02 +1.389838454e+02 -8.0000e-03 +4.3250e-02 -5.8000e-02
29 0 +2.223874581e+01 +1.379187458e+02 +1.379187458e+02 -1.0417e-02 +4.8250e-02 -6.3167e-02
30 0 +2.142427553e+01 +1.371042755e+02 +1.371042755e+02 -1.4750e-02 +6.6250e-02 -8.6500e-02
41 0 +2.137055928e+01 +1.370505593e+02 +1.370505593e+02 -1.1851e-02 +5.7354e-02 -7.5304e-02
64 0 +2.073517962e+01 +1.364151796e+02 +1.364151796e+02 -1.7683e-02 +6.1259e-02 -7.9300e-02
67 0 +2.024668667e+01 +1.359266867e+02 +1.359266867e+02 -2.2654e-02 +6.2916e-02 -8.0854e-02
69 0 +1.982822751e+01 +1.355082275e+02 +1.355082275e+02 -2.7204e-02 +6.5138e-02 -8.2727e-02
70 0 +1.929154484e+01 +1.349715448e+02 +1.349715448e+02 -3.2418e-02 +6.6263e-02 -8.3202e-02
72 0 +1.892024151e+01 +1.346002415e+02 +1.346002415e+02 -3.4942e-02 +6.4897e-02 -8.1232e-02
73 0 +1.821980947e+01 +1.338998095e+02 +1.338998095e+02 -4.0571e-02 +6.3829e-02 -7.8880e-02
74 0 +1.779424496e+01 +1.334742450e+02 +1.334742450e+02 -4.7918e-02 +6.9621e-02 -8.5000e-02
75 0 +1.672897571e+01 +1.324089757e+02 +1.324089757e+02 -6.0551e-02 +7.2974e-02 -8.7074e-02
76 0 +1.657457491e+01 +1.322545749e+02 +1.322545749e+02 -5.6157e-02 +6.6662e-02 -7.9405e-02
77 0 +1.526152209e+01 +1.309415221e+02 +1.309415221e+02 -6.7801e-02 +6.5635e-02 -7.5758e-02
78 0 +1.416095890e+01 +1.298409589e+02 +1.298409589e+02 -8.0198e-02 +6.8696e-02 -7.7939e-02
79 0 +1.205327990e+01 +1.277332799e+02 +1.277332799e+02 -1.0409e-01 +6.9912e-02 -7.5307e-02
80 0 +1.161965930e+01 +1.272996593e+02 +1.272996593e+02 -1.1439e-01 +7.5185e-02 -7.9879e-02
81 0 +1.007523224e+01 +1.257552322e+02 +1.257552322e+02 -1.5130e-01 +8.0864e-02 -8.0379e-02
82 0 +9.256295370e+00 +1.249362954e+02 +1.249362954e+02 -1.5491e-01 +7.1301e-02 -6.7223e-02
93 0 +8.960299411e+00 +1.246402994e+02 +1.246402994e+02 -1.8062e-01 +7.3383e-02 -6.5373e-02
% f evaluations | g evaluations | best noise-free fitness - Fopt (-3.710000000000e+00) + sum g_i+ | measured fitness | best measured fitness or single-digit g-values | x1 | x2...
1 0 +7.156572542e+01 +6.785572542e+01 +6.785572542e+01 +0.0000e+00 +0.0000e+00 +0.0000e+00
2 0 +7.155772376e+01 +6.784772376e+01 +6.784772376e+01 +2.5000e-04 +0.0000e+00 +0.0000e+00
22 0 +7.066245476e+01 +6.695245476e+01 +6.695245476e+01 +8.2500e-03 +4.9167e-03 -1.5833e-02
865 0 +2.294846355e+01 +1.923846355e+01 +1.923846355e+01 -9.4440e-01 -2.8623e+00 +1.0994e+00
875 0 +2.244959962e+01 +1.873959962e+01 +1.873959962e+01 -9.1656e-01 -2.9352e+00 +1.0935e+00
877 0 +2.144908466e+01 +1.773908466e+01 +1.773908466e+01 -8.9407e-01 -2.8765e+00 +1.1033e+00
882 0 +2.105530039e+01 +1.734530039e+01 +1.734530039e+01 -8.6450e-01 -2.8797e+00 +1.1030e+00
% f evaluations | g evaluations | best noise-free fitness - Fopt (1.321800000000e+02) + sum g_i+ | measured fitness | best measured fitness or single-digit g-values | x1 | x2...
1 0 +1.579813147e+02 +2.901613147e+02 +2.901613147e+02 +0.0000e+00 +0.0000e+00 +0.0000e+00
2 0 +1.579653815e+02 +2.901453815e+02 +2.901453815e+02 +2.5000e-04 +0.0000e+00 +0.0000e+00
53 0 +1.547158641e+02 +2.868958641e+02 +2.868958641e+02 +3.3057e-02 -1.2626e-02 -3.2386e-02
63 0 +1.502530422e+02 +2.824330422e+02 +2.824330422e+02 +8.0990e-02 -5.5207e-02 -3.1061e-02
78 0 +1.478293323e+02 +2.800093323e+02 +2.800093323e+02 +1.4895e-01 -1.1275e-01 -2.7078e-02
176 0 +6.385732677e+01 +1.960373268e+02 +1.960373268e+02 -2.3520e+00 +4.1959e+00 +3.5187e+00
177 0 +6.266321686e+01 +1.948432169e+02 +1.948432169e+02 -2.4696e+00 +4.1959e+00 +3.5187e+00
181 0 +5.852120863e+01 +1.907012086e+02 +1.907012086e+02 -2.4108e+00 +4.3008e+00 +3.4308e+00
184 0 +5.634111977e+01 +1.885211198e+02 +1.885211198e+02 -2.5284e+00 +4.2309e+00 +3.4308e+00
185 0 +5.594148653e+01 +1.881214865e+02 +1.881214865e+02 -2.6166e+00 +4.2484e+00 +3.3868e+00
190 0 +5.318303822e+01 +1.853630382e+02 +1.853630382e+02 -2.6340e+00 +4.1396e+00 +3.4454e+00
191 0 +4.997527709e+01 +1.821552771e+02 +1.821552771e+02 -2.7456e+00 +4.0590e+00 +3.4528e+00
192 0 +4.576602846e+01 +1.779460285e+02 +1.779460285e+02 -2.7565e+00 +4.1483e+00 +3.4234e+00
203 0 +4.428098296e+01 +1.764609830e+02 +1.764609830e+02 -2.7521e+00 +4.2486e+00 +3.3917e+00
207 0 +4.263188885e+01 +1.748118889e+02 +1.748118889e+02 -2.7368e+00 +4.1782e+00 +3.4326e+00
212 0 +4.144930532e+01 +1.736293053e+02 +1.736293053e+02 -2.7848e+00 +4.2335e+00 +3.4194e+00
213 0 +4.033763993e+01 +1.725176399e+02 +1.725176399e+02 -2.7443e+00 +4.1925e+00 +3.4444e+00
216 0 +3.979795018e+01 +1.719779502e+02 +1.719779502e+02 -2.8076e+00 +4.2077e+00 +3.4512e+00
219 0 +3.836660732e+01 +1.705466073e+02 +1.705466073e+02 -2.7633e+00 +4.2131e+00 +3.4542e+00
224 0 +3.800327192e+01 +1.701832719e+02 +1.701832719e+02 -2.7599e+00 +4.2565e+00 +3.4381e+00
232 0 +3.696066239e+01 +1.691406624e+02 +1.691406624e+02 -2.7803e+00 +4.2666e+00 +3.4591e+00
468 0 +3.210218164e+01 +1.642821816e+02 +1.642821816e+02 -3.6337e+00 +2.5458e+00 +2.0298e+00
475 0 +2.967217670e+01 +1.618521767e+02 +1.618521767e+02 -3.7851e+00 +2.5257e+00 +2.0115e+00
482 0 +2.939871387e+01 +1.615787139e+02 +1.615787139e+02 -3.8123e+00 +2.5350e+00 +2.0216e+00
% f evaluations | g evaluations | best noise-free fitness - Fopt (-3.930000000000e+01) + sum g_i+ | measured fitness | best measured fitness or single-digit g-values | x1 | x2...
1 0 +1.065118937e+02 +6.721189366e+01 +6.721189366e+01 +0.0000e+00 +0.0000e+00 +0.0000e+00
2 0 +1.065030462e+02 +6.720304618e+01 +6.720304618e+01 +2.5000e-04 +0.0000e+00 +0.0000e+00
22 0 +1.040718612e+02 +6.477186121e+01 +6.477186121e+01 +1.7500e-03 -8.2500e-03 +1.1750e-02
26 0 +1.010951235e+02 +6.179512352e+01 +6.179512352e+01 +2.0833e-03 -1.8500e-02 +2.7500e-02
28 0 +9.842644856e+01 +5.912644856e+01 +5.912644856e+01 +5.3333e-03 -2.9000e-02 +4.2250e-02
29 0 +9.771718392e+01 +5.841718392e+01 +5.841718392e+01 +4.6389e-03 -3.1583e-02 +4.7306e-02
30 0 +9.522091037e+01 +5.592091037e+01 +5.592091037e+01 +6.0833e-03 -4.3250e-02 +6.5083e-02
32 0 +9.162603537e+01 +5.232603537e+01 +5.232603537e+01 +9.1667e-03 -6.6250e-02 +9.7167e-02
33 0 +9.070773945e+01 +5.140773945e+01 +5.140773945e+01 +1.1639e-02 -7.3833e-02 +1.0883e-01
34 0 +8.848925539e+01 +4.918925539e+01 +4.918925539e+01 +1.6417e-02 -1.0150e-01 +1.4950e-01
50 0 +8.703344116e+01 +4.773344116e+01 +4.773344116e+01 +2.4158e-02 -1.4615e-01 +2.1368e-01
60 0 +8.451107511e+01 +4.521107511e+01 +4.521107511e+01 +4.4390e-02 -1.3703e-01 +1.8438e-01
63 0 +8.283481657e+01 +4.353481657e+01 +4.353481657e+01 +6.5419e-02 -1.0834e-01 +1.2302e-01
67 0 +7.913956562e+01 +3.983956562e+01 +3.983956562e+01 +9.5685e-02 -1.5460e-01 +1.7393e-01
69 0 +7.753915130e+01 +3.823915130e+01 +3.823915130e+01 +1.0786e-01 -1.2401e-01 +1.1438e-01
75 0 +7.410553806e+01 +3.480553806e+01 +3.480553806e+01 +1.3465e-01 -1.4404e-01 +1.2747e-01
76 0 +7.195309052e+01 +3.265309052e+01 +3.265309052e+01 +1.5896e-01 -1.5506e-01 +1.2689e-01
80 0 +6.901743283e+01 +2.971743283e+01 +2.971743283e+01 +2.1998e-01 -1.4997e-01 +7.5598e-02
81 0 +6.754879079e+01 +2.824879079e+01 +2.824879079e+01 +2.2472e-01 -1.6453e-01 +9.3525e-02
91 0 +6.605168168e+01 +2.675168168e+01 +2.675168168e+01 +2.8397e-01 -1.7644e-01 +6.9071e-02
125 0 +6.443682402e+01 +2.513682402e+01 +2.513682402e+01 +3.3999e-01 -1.8404e-01 +8.7299e-02
133 0 +6.295245639e+01 +2.365245639e+01 +2.365245639e+01 +4.2074e-01 -1.8343e-01 +1.0096e-01
213 0 +3.792040636e+01 -1.379593638e+00 -1.379593638e+00 +6.5449e-02 -1.1779e+00 +3.1587e+00
215 0 +3.622812555e+01 -3.071874452e+00 -3.071874452e+00 +6.5449e-02 -1.2368e+00 +3.1587e+00
216 0 +3.198389839e+01 -7.316101612e+00 -7.316101612e+00 +6.5449e-02 -1.1779e+00 +3.3167e+00
222 0 +3.119260059e+01 -8.107399410e+00 -8.107399410e+00 +6.6539e-02 -1.1975e+00 +3.2903e+00
223 0 +3.049659611e+01 -8.803403890e+00 -8.803403890e+00 +6.7085e-02 -1.2074e+00 +3.3167e+00
231 0 +2.959766281e+01 -9.702337194e+00 -9.702337194e+00 +6.6358e-02 -1.2057e+00 +3.2991e+00
236 0 +2.932151732e+01 -9.978482678e+00 -9.978482678e+00 +6.6956e-02 -1.2064e+00 +3.3075e+00
290 0 +2.883595119e+01 -1.046404881e+01 -1.046404881e+01 +6.9592e-02 -1.2287e+00 +3.3042e+00
321 0 +2.811625522e+01 -1.118374478e+01 -1.118374478e+01 +9.9400e-02 -1.2183e+00 +3.2992e+00
327 0 +2.727836790e+01 -1.202163210e+01 -1.202163210e+01 +1.2295e-01 -1.2210e+00 +3.2990e+00
330 0 +2.689384646e+01 -1.240615354e+01 -1.240615354e+01 +1.6020e-01 -1.2271e+00 +3.2927e+00
332 0 +2.610454163e+01 -1.319545837e+01 -1.319545837e+01 +1.5888e-01 -1.2442e+00 +3.2993e+00
334 0 +2.492647686e+01 -1.437352314e+01 -1.437352314e+01 +2.0117e-01 -1.2302e+00 +3.2963e+00
336 0 +2.437021925e+01 -1.492978075e+01 -1.492978075e+01 +2.7434e-01 -1.2594e+00 +3.2904e+00
337 0 +2.353240096e+01 -1.576759904e+01 -1.576759904e+01 +2.6273e-01 -1.2621e+00 +3.2980e+00
338 0 +2.274487167e+01 -1.655512833e+01 -1.655512833e+01 +3.1400e-01 -1.2796e+00 +3.3006e+00
339 0 +2.208658850e+01 -1.721341150e+01 -1.721341150e+01 +3.6746e-01 -1.2686e+00 +3.2923e+00
340 0 +2.183300642e+01 -1.746699358e+01 -1.746699358e+01 +4.7176e-01 -1.2808e+00 +3.2888e+00
344 0 +2.096720705e+01 -1.833279295e+01 -1.833279295e+01 +3.5727e-01 -1.2631e+00 +3.2991e+00
352 0 +2.067117888e+01 -1.862882112e+01 -1.862882112e+01 +4.5188e-01 -1.2747e+00 +3.2939e+00
354 0 +2.013442060e+01 -1.916557940e+01 -1.916557940e+01 +4.3255e-01 -1.2709e+00 +3.2978e+00
355 0 +1.965583077e+01 -1.964416923e+01 -1.964416923e+01 +4.3147e-01 -1.2664e+00 +3.3002e+00
356 0 +1.945965711e+01 -1.984034289e+01 -1.984034289e+01 +3.9534e-01 -1.2418e+00 +3.2995e+00
360 0 +1.889904887e+01 -2.040095113e+01 -2.040095113e+01 +4.0946e-01 -1.2386e+00 +3.3046e+00
362 0 +1.853312756e+01 -2.076687244e+01 -2.076687244e+01 +4.5119e-01 -1.2248e+00 +3.2994e+00
364 0 +1.816754336e+01 -2.113245664e+01 -2.113245664e+01 +5.2455e-01 -1.2382e+00 +3.3001e+00
% f evaluations | g evaluations | best noise-free fitness - Fopt (4.296000000000e+01) + sum g_i+ | measured fitness | best measured fitness or single-digit g-values | x1 | x2...
1 0 +2.170253941e+02 +2.599853941e+02 +2.599853941e+02 +0.0000e+00 +0.0000e+00 +0.0000e+00
3 0 +2.170023031e+02 +2.599623031e+02 +2.599623031e+02 +0.0000e+00 +2.5000e-04 +0.0000e+00
25 0 +2.137688313e+02 +2.567288313e+02 +2.567288313e+02 -2.7000e-02 +2.1000e-02 -4.3333e-03
30 0 +2.061439647e+02 +2.491039647e+02 +2.491039647e+02 -8.6500e-02 +6.6250e-02 -1.4750e-02
32 0 +2.005255792e+02 +2.434855792e+02 +2.434855792e+02 -1.3250e-01 +1.0150e-01 -2.0250e-02
33 0 +1.988069656e+02 +2.417669656e+02 +2.417669656e+02 -1.4767e-01 +1.1167e-01 -2.2667e-02
34 0 +1.929612468e+02 +2.359212468e+02 +2.359212468e+02 -2.0300e-01 +1.5300e-01 -3.1000e-02
36 0 +1.855456784e+02 +2.285056784e+02 +2.285056784e+02 -3.0600e-01 +2.3425e-01 -5.0000e-02
60 0 +1.819039809e+02 +2.248639809e+02 +2.248639809e+02 -3.9405e-01 +3.0212e-01 -7.3573e-02
66 0 +1.774505570e+02 +2.204105570e+02 +2.204105570e+02 -4.8485e-01 +3.7528e-01 -1.1058e-01
72 0 +1.733956744e+02 +2.163556744e+02 +2.163556744e+02 -7.5612e-01 +5.9821e-01 -2.2878e-01
82 0 +1.663975288e+02 +2.093575288e+02 +2.093575288e+02 -9.6546e-01 +7.7462e-01 -3.2759e-01
94 0 +1.650007164e+02 +2.079607164e+02 +2.079607164e+02 -9.5556e-01 +7.6599e-01 -3.2710e-01
97 0 +1.612522874e+02 +2.042122874e+02 +2.042122874e+02 -9.0796e-01 +7.3115e-01 -3.1816e-01
101 0 +1.543053864e+02 +1.972653864e+02 +1.972653864e+02 -8.4544e-01 +6.8453e-01 -3.1418e-01
103 0 +1.506311080e+02 +1.935911080e+02 +1.935911080e+02 -8.1465e-01 +6.6114e-01 -3.1615e-01
105 0 +1.439360806e+02 +1.868960806e+02 +1.868960806e+02 -7.9184e-01 +6.4856e-01 -3.3024e-01
106 0 +1.401406914e+02 +1.831006914e+02 +1.831006914e+02 -7.5493e-01 +6.2449e-01 -3.4111e-01
144 0 +1.379684227e+02 +1.809284227e+02 +1.809284227e+02 -7.4824e-01 +6.3383e-01 -3.6156e-01
155 0 +1.348701100e+02 +1.778301100e+02 +1.778301100e+02 -6.7417e-01 +6.3920e-01 -3.6817e-01
161 0 +1.313839030e+02 +1.743439030e+02 +1.743439030e+02 -5.9084e-01 +6.3493e-01 -3.6348e-01
166 0 +1.285986917e+02 +1.715586917e+02 +1.715586917e+02 -4.1302e-01 +6.4477e-01 -3.5877e-01
266 0 +1.248628260e+02 +1.678228260e+02 +1.678228260e+02 +2.5482e+00 +1.1955e+00 -3.6580e-01
299 0 +1.230132099e+02 +1.659732099e+02 +1.659732099e+02 +2.5239e+00 +1.1829e+00 -3.5500e-01
373 0 +9.659660742e+01 +1.395566074e+02 +1.395566074e+02 +2.4454e+00 -2.8537e+00 -1.2393e+00
377 0 +9.080190358e+01 +1.337619036e+02 +1.337619036e+02 +2.5269e+00 -2.7110e+00 -1.2806e+00
% f evaluations | g evaluations | best noise-free fitness - Fopt (2.842200000000e+02) + sum g_i+ | measured fitness | best measured fitness or single-digit g-values | x1 | x2...
1 0 +5.768031398e+01 +3.419003140e+02 +3.419003140e+02 +0.0000e+00 +0.0000e+00 +0.0000e+00
4 0 +5.766312760e+01 +3.418831276e+02 +3.418831276e+02 +0.0000e+00 +0.0000e+00 +2.5000e-04
10 0 +5.751547340e+01 +3.417354734e+02 +3.417354734e+02 -1.0000e-03 +0.0000e+00 +1.0000e-03
19 0 +5.621045076e+01 +3.404304508e+02 +3.404304508e+02 -7.3333e-03 -1.3333e-03 +5.9167e-03
22 0 +5.395567237e+01 +3.381756724e+02 +3.381756724e+02 -1.6500e-02 -1.7500e-03 +1.2250e-02
23 0 +5.340285997e+01 +3.376228600e+02 +3.376228600e+02 -1.7833e-02 -2.9167e-03 +1.3500e-02
24 0 +5.116740533e+01 +3.353874053e+02 +3.353874053e+02 -2.4500e-02 -4.2500e-03 +1.8500e-02
25 0 +5.007654686e+01 +3.342965469e+02 +3.342965469e+02 -2.7000e-02 -4.3333e-03 +2.1000e-02
26 0 +4.618613610e+01 +3.304061361e+02 +3.304061361e+02 -3.7000e-02 -6.0000e-03 +2.9000e-02
27 0 +4.487289959e+01 +3.290928996e+02 +3.290928996e+02 -4.2000e-02 -6.0000e-03 +3.1583e-02
28 0 +3.981299151e+01 +3.240329915e+02 +3.240329915e+02 -5.8000e-02 -8.0000e-03 +4.3250e-02
29 0 +3.809337826e+01 +3.223133783e+02 +3.223133783e+02 -6.3167e-02 -1.0417e-02 +4.8250e-02
30 0 +3.560868398e+01 +3.198286840e+02 +3.198286840e+02 -8.6500e-02 -1.4750e-02 +6.6250e-02
48 0 +3.545088073e+01 +3.196708807e+02 +3.196708807e+02 -8.2788e-02 -1.6058e-02 +6.3957e-02
56 0 +3.465983614e+01 +3.188798361e+02 +3.188798361e+02 -8.1067e-02 -2.6023e-02 +6.5601e-02
59 0 +3.339408371e+01 +3.176140837e+02 +3.176140837e+02 -7.2181e-02 -3.9044e-02 +6.2630e-02
60 0 +3.301982003e+01 +3.172398200e+02 +3.172398200e+02 -7.8422e-02 -4.3021e-02 +6.7955e-02
61 0 +3.189102728e+01 +3.161110273e+02 +3.161110273e+02 -7.8483e-02 -5.4313e-02 +7.0844e-02
62 0 +3.133463796e+01 +3.155546380e+02 +3.155546380e+02 -7.1436e-02 -5.6759e-02 +6.7088e-02
63 0 +2.960892231e+01 +3.138289223e+02 +3.138289223e+02 -6.5872e-02 -7.2267e-02 +6.7551e-02
64 0 +2.890206253e+01 +3.131220625e+02 +3.131220625e+02 -6.4016e-02 -8.0019e-02 +6.7614e-02
65 0 +2.782588011e+01 +3.120458801e+02 +3.120458801e+02 -5.5854e-02 -1.0483e-01 +6.8219e-02
67 0 +2.474197175e+01 +3.089619718e+02 +3.089619718e+02 -4.3529e-02 -1.4057e-01 +6.9744e-02
68 0 +2.360864646e+01 +3.078286465e+02 +3.078286465e+02 -2.6052e-02 -1.8370e-01 +6.9193e-02
97 0 +2.342919554e+01 +3.076491955e+02 +3.076491955e+02 -2.8937e-02 -1.8191e-01 +6.8922e-02
105 0 +2.287437848e+01 +3.070943785e+02 +3.070943785e+02 -3.4928e-02 -1.8476e-01 +6.8186e-02
109 0 +2.233302877e+01 +3.065530288e+02 +3.065530288e+02 -5.3360e-02 -1.7582e-01 +6.8630e-02
111 0 +2.144075670e+01 +3.056607567e+02 +3.056607567e+02 -5.8877e-02 -1.8254e-01 +6.5580e-02
113 0 +2.129497306e+01 +3.055149731e+02 +3.055149731e+02 -7.7258e-02 -1.7602e-01 +6.6805e-02
115 0 +2.070419091e+01 +3.049241909e+02 +3.049241909e+02 -7.7754e-02 -1.8651e-01 +6.4776e-02
116 0 +2.039139716e+01 +3.046113972e+02 +3.046113972e+02 -8.9951e-02 -1.9186e-01 +6.2848e-02
135 0 +1.993467810e+01 +3.041546781e+02 +3.041546781e+02 -1.0290e-01 -2.1354e-01 +6.1098e-02
501 0 +1.535042330e+01 +2.995704233e+02 +2.995704233e+02 -1.0720e+00 +7.9068e-01 -4.4211e-01
502 0 +1.373899770e+01 +2.979589977e+02 +2.979589977e+02 -1.0890e+00 +8.0323e-01 -4.5848e-01
503 0 +9.727133408e+00 +2.939471334e+02 +2.939471334e+02 -1.1231e+00 +8.2833e-01 -4.4211e-01
511 0 +9.071833174e+00 +2.932918332e+02 +2.932918332e+02 -1.0934e+00 +8.4212e-01 -4.2599e-01
622 0 +6.821269872e+00 +2.910412699e+02 +2.910412699e+02 -6.4553e-02 -8.4019e-01 -6.9340e-01
623 0 +6.129253808e+00 +2.903492538e+02 +2.903492538e+02 -9.9997e-02 -8.2390e-01 -7.0592e-01
633 0 +6.018541482e+00 +2.902385415e+02 +2.902385415e+02 -9.8262e-02 -8.0169e-01 -6.8996e-01
% f evaluations | g evaluations | best noise-free fitness - Fopt (-3.217000000000e+01) + sum g_i+ | measured fitness | best measured fitness or single-digit g-values | x1 | x2...
1 0 +7.339161758e+01 +4.122161758e+01 +4.122161758e+01 +0.0000e+00 +0.0000e+00 +0.0000e+00
3 0 +7.337888791e+01 +4.120888791e+01 +4.120888791e+01 +0.0000e+00 +2.5000e-04 +0.0000e+00
21 0 +7.238531882e+01 +4.021531882e+01 +4.021531882e+01 -1.1833e-02 +8.9167e-03 +4.5833e-03
26 0 +6.972986442e+01 +3.755986442e+01 +3.755986442e+01 -3.7000e-02 +2.9000e-02 +1.4250e-02
28 0 +6.718271404e+01 +3.501271404e+01 +3.501271404e+01 -5.8000e-02 +4.3250e-02 +2.3000e-02
30 0 +6.279150891e+01 +3.062150891e+01 +3.062150891e+01 -8.6500e-02 +6.6250e-02 +3.5250e-02
31 0 +6.135930038e+01 +2.918930038e+01 +2.918930038e+01 -9.6500e-02 +7.3833e-02 +3.7833e-02
32 0 +5.511383812e+01 +2.294383812e+01 +2.294383812e+01 -1.3250e-01 +1.0150e-01 +5.1500e-02
33 0 +5.211730395e+01 +1.994730395e+01 +1.994730395e+01 -1.4767e-01 +1.1167e-01 +5.8917e-02
34 0 +4.103608083e+01 +8.866080826e+00 +8.866080826e+00 -2.0300e-01 +1.5300e-01 +8.1250e-02
35 0 +3.682107876e+01 +4.651078760e+00 +4.651078760e+00 -2.2333e-01 +1.7058e-01 +8.9000e-02
36 0 +2.227255329e+01 -9.897446711e+00 -9.897446711e+00 -3.0600e-01 +2.3425e-01 +1.2200e-01
37 0 +1.833881540e+01 -1.383118460e+01 -1.383118460e+01 -3.4117e-01 +2.5958e-01 +1.3458e-01
38 0 +1.805011652e+01 -1.411988348e+01 -1.411988348e+01 -4.6850e-01 +3.5625e-01 +1.8425e-01
43 0 +1.632266614e+01 -1.584733386e+01 -1.584733386e+01 -4.4152e-01 +3.3560e-01 +1.7548e-01
47 0 +1.614915637e+01 -1.602084363e+01 -1.602084363e+01 -3.6981e-01 +2.8104e-01 +1.4669e-01
49 0 +1.563808258e+01 -1.653191742e+01 -1.653191742e+01 -4.2906e-01 +3.2632e-01 +1.6948e-01
53 0 +1.538269929e+01 -1.678730071e+01 -1.678730071e+01 -4.1815e-01 +3.1793e-01 +1.6592e-01
98 0 +1.511859604e+01 -1.705140396e+01 -1.705140396e+01 -4.0141e-01 +3.0593e-01 +1.5588e-01
153 0 +1.478090630e+01 -1.738909370e+01 -1.738909370e+01 -4.2580e-01 +3.2325e-01 +1.5381e-01
164 0 +1.441895171e+01 -1.775104829e+01 -1.775104829e+01 -4.4356e-01 +3.1435e-01 +1.5440e-01
170 0 +1.411907748e+01 -1.805092252e+01 -1.805092252e+01 -4.7383e-01 +2.9798e-01 +1.5435e-01
334 0 +9.600471682e+00 -2.256952832e+01 -2.256952832e+01 +5.3551e-01 +1.3036e+00 +1.1367e-01
335 0 +8.848430971e+00 -2.332156903e+01 -2.332156903e+01 +5.5579e-01 +1.2968e+00 +1.2588e-01
337 0 +8.695795171e+00 -2.347420483e+01 -2.347420483e+01 +5.7044e-01 +1.3110e+00 +1.5818e-01
342 0 +8.237704783e+00 -2.393229522e+01 -2.393229522e+01 +5.5164e-01 +1.3058e+00 +1.3083e-01
345 0 +7.890478614e+00 -2.427952139e+01 -2.427952139e+01 +5.5920e-01 +1.3136e+00 +1.5179e-01
353 0 +7.740333222e+00 -2.442966678e+01 -2.442966678e+01 +5.5009e-01 +1.3080e+00 +1.3593e-01
359 0 +7.577108931e+00 -2.459289107e+01 -2.459289107e+01 +5.5295e-01 +1.3161e+00 +1.4913e-01
365 0 +7.361155526e+00 -2.480884447e+01 -2.480884447e+01 +5.4780e-01 +1.3122e+00 +1.4157e-01
366 0 +7.236710057e+00 -2.493328994e+01 -2.493328994e+01 +5.4351e-01 +1.3124e+00 +1.3924e-01
368 0 +6.962674073e+00 -2.520732593e+01 -2.520732593e+01 +5.4223e-01 +1.3149e+00 +1.4522e-01
370 0 +6.682012149e+00 -2.548798785e+01 -2.548798785e+01 +5.3175e-01 +1.3147e+00 +1.3849e-01
371 0 +6.352463851e+00 -2.581753615e+01 -2.581753615e+01 +5.2222e-01 +1.3176e+00 +1.3740e-01
372 0 +6.299824962e+00 -2.587017504e+01 -2.587017504e+01 +5.2484e-01 +1.3145e+00 +1.3871e-01
373 0 +5.896269035e+00 -2.627373097e+01 -2.627373097e+01 +5.1551e-01 +1.3156e+00 +1.3845e-01
374 0 +5.813720639e+00 -2.635627936e+01 -2.635627936e+01 +5.1522e-01 +1.3242e+00 +1.4641e-01
375 0 +5.584996501e+00 -2.658500350e+01 -2.658500350e+01 +5.0380e-01 +1.3323e+00 +1.5247e-01
376 0 +5.129940902e+00 -2.704005910e+01 -2.704005910e+01 +4.8545e-01 +1.3288e+00 +1.4032e-01
377 0 +5.087823669e+00 -2.708217633e+01 -2.708217633e+01 +4.5707e-01 +1.3358e+00 +1.3787e-01
378 0 +4.796070247e+00 -2.737392975e+01 -2.737392975e+01 +4.6202e-01 +1.3382e+00 +1.4846e-01
390 0 +4.643145410e+00 -2.752685459e+01 -2.752685459e+01 +4.6505e-01 +1.3324e+00 +1.4592e-01
391 0 +4.535065854e+00 -2.763493415e+01 -2.763493415e+01 +4.6694e-01 +1.3298e+00 +1.4711e-01
394 0 +4.363379529e+00 -2.780662047e+01 -2.780662047e+01 +4.6064e-01 +1.3280e+00 +1.5022e-01
395 0 +4.173750318e+00 -2.799624968e+01 -2.799624968e+01 +4.5995e-01 +1.3229e+00 +1.5109e-01
397 0 +4.087550908e+00 -2.808244909e+01 -2.808244909e+01 +4.6879e-01 +1.3161e+00 +1.4709e-01
398 0 +3.962142055e+00 -2.820785794e+01 -2.820785794e+01 +4.7695e-01 +1.3066e+00 +1.4702e-01
399 0 +3.704433932e+00 -2.846556607e+01 -2.846556607e+01 +4.6098e-01 +1.3059e+00 +1.4718e-01
400 0 +3.408488543e+00 -2.876151146e+01 -2.876151146e+01 +4.5800e-01 +1.2940e+00 +1.4721e-01
403 0 +3.090197799e+00 -2.907980220e+01 -2.907980220e+01 +4.6500e-01 +1.2652e+00 +1.5180e-01
411 0 +3.003820915e+00 -2.916617909e+01 -2.916617909e+01 +4.4875e-01 +1.2656e+00 +1.4986e-01
% f evaluations | g evaluations | best noise-free fitness - Fopt (-5.858000000000e+01) + sum g_i+ | measured fitness | best measured fitness or single-digit g-values | x1 | x2...
1 0 +8.608716178e+01 +2.750716178e+01 +2.750716178e+01 +0.0000e+00 +0.0000e+00 +0.0000e+00
2 0 +8.608651246e+01 +2.750651246e+01 +2.750651246e+01 +2.5000e-04 +0.0000e+00 +0.0000e+00
43 0 +8.507955926e+01 +2.649955926e+01 +2.649955926e+01 +4.6505e-03 -1.4383e-02 +1.8530e-02
57 0 +8.274378800e+01 +2.416378800e+01 +2.416378800e+01 +3.4981e-02 -4.7038e-02 +2.5168e-02
59 0 +8.014803804e+01 +2.156803804e+01 +2.156803804e+01 +5.5600e-02 -6.2805e-02 +2.0628e-02
61 0 +7.743810858e+01 +1.885810858e+01 +1.885810858e+01 +7.3060e-02 -8.3488e-02 +2.9380e-02
62 0 +7.297069235e+01 +1.439069235e+01 +1.439069235e+01 +9.7348e-02 -1.0911e-01 +3.5010e-02
63 0 +7.174267912e+01 +1.316267912e+01 +1.316267912e+01 +1.0414e-01 -1.1008e-01 +2.8893e-02
64 0 +6.481426890e+01 +6.234268905e+00 +6.234268905e+00 +1.3872e-01 -1.4160e-01 +3.0755e-02
65 0 +6.436420867e+01 +5.784208671e+00 +5.784208671e+00 +1.3871e-01 -1.4525e-01 +3.2143e-02
66 0 +5.754523843e+01 -1.034761567e+00 -1.034761567e+00 +1.8020e-01 -1.8599e-01 +3.5489e-02
67 0 +5.716388632e+01 -1.416113678e+00 -1.416113678e+00 +2.2191e-01 -2.2833e-01 +4.6874e-02
73 0 +5.604570320e+01 -2.534296798e+00 -2.534296798e+00 +2.0101e-01 -2.0435e-01 +3.8380e-02
80 0 +5.454331828e+01 -4.036681718e+00 -4.036681718e+00 +2.2261e-01 -2.2131e-01 +3.4715e-02
83 0 +5.314644312e+01 -5.433556884e+00 -5.433556884e+00 +2.1923e-01 -2.1139e-01 +2.3248e-02
89 0 +5.243757243e+01 -6.142427568e+00 -6.142427568e+00 +2.2743e-01 -2.1482e-01 +1.7843e-02
122 0 +5.127332674e+01 -7.306673261e+00 -7.306673261e+00 +2.5970e-01 -2.2964e-01 +1.3578e-02
128 0 +4.982011427e+01 -8.759885726e+00 -8.759885726e+00 +2.8635e-01 -2.2794e-01 +1.8935e-02
130 0 +4.803604210e+01 -1.054395790e+01 -1.054395790e+01 +3.1383e-01 -2.1971e-01 +3.7792e-03
131 0 +4.774368005e+01 -1.083631995e+01 -1.083631995e+01 +3.2144e-01 -2.2762e-01 +1.2352e-02
132 0 +4.648978888e+01 -1.209021112e+01 -1.209021112e+01 +3.4919e-01 -2.2998e-01 +1.5291e-02
134 0 +4.482667868e+01 -1.375332132e+01 -1.375332132e+01 +3.8753e-01 -2.2134e-01 +2.6955e-02
135 0 +4.282760471e+01 -1.575239529e+01 -1.575239529e+01 +4.1401e-01 -2.1942e-01 +1.1748e-02
136 0 +4.041830855e+01 -1.816169145e+01 -1.816169145e+01 +4.7784e-01 -2.1516e-01 +8.1544e-03
138 0 +3.925640846e+01 -1.932359154e+01 -1.932359154e+01 +5.5831e-01 -2.1076e-01 +2.7997e-02
140 0 +3.789886357e+01 -2.068113643e+01 -2.068113643e+01 +6.3382e-01 -2.1234e-01 +1.7026e-02
221 0 +3.651620866e+01 -2.206379134e+01 -2.206379134e+01 +6.5276e-01 -8.3136e-01 +8.6730e-02
222 0 +3.522513548e+01 -2.335486452e+01 -2.335486452e+01 +6.3721e-01 -7.7594e-01 +8.7662e-02
233 0 +3.464425022e+01 -2.393574978e+01 -2.393574978e+01 +6.5187e-01 -7.9034e-01 +8.5446e-02
237 0 +3.352314834e+01 -2.505685166e+01 -2.505685166e+01 +6.2856e-01 -7.7787e-01 +7.9850e-02
240 0 +3.173564837e+01 -2.684435163e+01 -2.684435163e+01 +6.4992e-01 -7.9444e-01 +7.2321e-02
241 0 +3.029266386e+01 -2.828733614e+01 -2.828733614e+01 +6.5682e-01 -7.8582e-01 +6.6311e-02
242 0 +2.947338976e+01 -2.910661024e+01 -2.910661024e+01 +6.3204e-01 -8.0198e-01 +6.2306e-02
243 0 +2.715893427e+01 -3.142106573e+01 -3.142106573e+01 +6.2050e-01 -8.0455e-01 +5.1890e-02
245 0 +2.417344081e+01 -3.440655919e+01 -3.440655919e+01 +6.4168e-01 -7.8489e-01 +3.8099e-02
246 0 +2.307472835e+01 -3.550527165e+01 -3.550527165e+01 +6.3985e-01 -7.6008e-01 +2.1146e-02
247 0 +2.266451589e+01 -3.591548411e+01 -3.591548411e+01 +6.1889e-01 -8.1642e-01 +1.3682e-02
256 0 +2.217771234e+01 -3.640228766e+01 -3.640228766e+01 +6.2986e-01 -7.7317e-01 +1.5804e-02
596 0 +2.039994485e+01 -3.818005515e+01 -3.818005515e+01 +2.5603e+00 -1.4219e+00 -2.4918e-02
597 0 +1.913036423e+01 -3.944963577e+01 -3.944963577e+01 +2.5561e+00 -1.4235e+00 -2.0380e-02
600 0 +1.729959237e+01 -4.128040763e+01 -4.128040763e+01 +2.5640e+00 -1.4393e+00 -1.9587e-02
601 0 +1.561349338e+01 -4.296650662e+01 -4.296650662e+01 +2.5683e+00 -1.4450e+00 -1.2995e-02
603 0 +1.506818029e+01 -4.351181971e+01 -4.351181971e+01 +2.5610e+00 -1.4287e+00 -1.1476e-03
604 0 +1.477387376e+01 -4.380612624e+01 -4.380612624e+01 +2.5708e+00 -1.4242e+00 +1.1035e-02
605 0 +1.333712632e+01 -4.524287368e+01 -4.524287368e+01 +2.5560e+00 -1.4435e+00 +1.4663e-02
607 0 +1.308984994e+01 -4.549015006e+01 -4.549015006e+01 +2.6010e+00 -1.4439e+00 +1.5085e-02
% f evaluations | g evaluations | best noise-free fitness - Fopt (-6.049200000000e+02) + sum g_i+ | measured fitness | best measured fitness or single-digit g-values | x1 | x2...
1 0 +7.163123330e+01 -5.332887667e+02 -5.332887667e+02 +0.0000e+00 +0.0000e+00 +0.0000e+00
3 0 +7.158429091e+01 -5.333357091e+02 -5.333357091e+02 +0.0000e+00 +2.5000e-04 +0.0000e+00
18 0 +7.055019372e+01 -5.343698063e+02 -5.343698063e+02 -2.8333e-03 +5.5000e-03 -3.5000e-03
23 0 +6.910498731e+01 -5.358150127e+02 -5.358150127e+02 -6.0556e-03 +1.3611e-02 -8.9167e-03
26 0 +6.716891705e+01 -5.377510829e+02 -5.377510829e+02 -1.0833e-02 +2.7500e-02 -1.8500e-02
29 0 +6.601006515e+01 -5.389099348e+02 -5.389099348e+02 -2.0111e-02 +4.7306e-02 -3.1583e-02
64 0 +6.442288555e+01 -5.404971144e+02 -5.404971144e+02 -2.1142e-02 +4.9358e-02 -5.0275e-02
68 0 +6.243042406e+01 -5.424895759e+02 -5.424895759e+02 -2.1329e-02 +4.9942e-02 -6.8844e-02
69 0 +6.107920079e+01 -5.438407992e+02 -5.438407992e+02 -2.1825e-02 +5.1609e-02 -8.1218e-02
71 0 +5.874660318e+01 -5.461733968e+02 -5.461733968e+02 -2.0895e-02 +4.8360e-02 -9.9806e-02
73 0 +5.615332019e+01 -5.487666798e+02 -5.487666798e+02 -2.2368e-02 +5.3159e-02 -1.2857e-01
74 0 +5.449333399e+01 -5.504266660e+02 -5.504266660e+02 -2.2435e-02 +5.3971e-02 -1.6199e-01
329 0 +5.349884379e+01 -5.514211562e+02 -5.514211562e+02 +2.3321e+00 -1.0109e+00 +5.6248e-01
330 0 +4.452530956e+01 -5.603946904e+02 -5.603946904e+02 +2.2094e+00 -1.0272e+00 +5.7155e-01
332 0 +3.797420839e+01 -5.669457916e+02 -5.669457916e+02 +2.1821e+00 -1.0055e+00 +6.0481e-01
333 0 +3.406244348e+01 -5.708575565e+02 -5.708575565e+02 +2.0457e+00 -9.9460e-01 +6.3505e-01
359 0 +3.385224768e+01 -5.710677523e+02 -5.710677523e+02 +2.0320e+00 -1.0167e+00 +6.3301e-01
685 0 +3.056229243e+01 -5.743577076e+02 -5.743577076e+02 +1.9329e+00 -2.7335e+00 +2.4380e+00
686 0 +2.081865927e+01 -5.841013407e+02 -5.841013407e+02 +1.9789e+00 -2.6156e+00 +2.4174e+00
688 0 +1.928868816e+01 -5.856313118e+02 -5.856313118e+02 +2.0658e+00 -2.5449e+00 +2.4518e+00
703 0 +1.895443167e+01 -5.859655683e+02 -5.859655683e+02 +2.0299e+00 -2.5692e+00 +2.4380e+00
% f evaluations | g evaluations | best noise-free fitness - Fopt (1.337000000000e+02) + sum g_i+ | measured fitness | best measured fitness or single-digit g-values | x1 | x2...
1 0 +4.286820420e+01 +1.765682042e+02 +1.765682042e+02 +0.0000e+00 +0.0000e+00 +0.0000e+00
2 0 +4.285874027e+01 +1.765587403e+02 +1.765587403e+02 +2.5000e-04 +0.0000e+00 +0.0000e+00
11 0 +4.263064648e+01 +1.763306465e+02 +1.763306465e+02 +9.1667e-04 -1.6667e-03 +3.3333e-04
20 0 +4.121358070e+01 +1.749135807e+02 +1.749135807e+02 +6.5833e-03 -1.1000e-02 +2.0000e-03
22 0 +4.049584374e+01 +1.741958437e+02 +1.741958437e+02 +8.2500e-03 -1.5833e-02 +2.9167e-03
24 0 +3.919514034e+01 +1.728951403e+02 +1.728951403e+02 +1.3500e-02 -2.3500e-02 +3.5000e-03
25 0 +3.860753248e+01 +1.723075325e+02 +1.723075325e+02 +1.5222e-02 -2.7222e-02 +4.6944e-03
26 0 +3.686338626e+01 +1.705633863e+02 +1.705633863e+02 +2.1000e-02 -3.7667e-02 +6.5833e-03
28 0 +3.402652111e+01 +1.677265211e+02 +1.677265211e+02 +2.9583e-02 -5.5000e-02 +9.0000e-03
29 0 +3.291685220e+01 +1.666168522e+02 +1.666168522e+02 +3.4472e-02 -6.1611e-02 +9.8056e-03
30 0 +2.967797462e+01 +1.633779746e+02 +1.633779746e+02 +4.7583e-02 -8.4500e-02 +1.3250e-02
31 0 +2.863946080e+01 +1.623394608e+02 +1.623394608e+02 +5.1944e-02 -9.4611e-02 +1.5722e-02
32 0 +2.656734363e+01 +1.602673436e+02 +1.602673436e+02 +7.1167e-02 -1.3017e-01 +2.1833e-02
55 0 +2.624846157e+01 +1.599484616e+02 +1.599484616e+02 +7.5557e-02 -1.3438e-01 +1.9368e-02
62 0 +2.558624952e+01 +1.592862495e+02 +1.592862495e+02 +8.1768e-02 -1.3115e-01 +1.2624e-02
65 0 +2.481889896e+01 +1.585188990e+02 +1.585188990e+02 +9.4483e-02 -1.3930e-01 +5.2874e-03
67 0 +2.436661204e+01 +1.580666120e+02 +1.580666120e+02 +1.0044e-01 -1.3800e-01 +1.1187e-03
69 0 +2.398254983e+01 +1.576825498e+02 +1.576825498e+02 +1.0277e-01 -1.2468e-01 -1.0213e-02
70 0 +2.327179064e+01 +1.569717906e+02 +1.569717906e+02 +1.1670e-01 -1.3683e-01 -1.5162e-02
71 0 +2.245835690e+01 +1.561583569e+02 +1.561583569e+02 +1.3417e-01 -1.3967e-01 -2.9054e-02
73 0 +2.230311031e+01 +1.560031103e+02 +1.560031103e+02 +1.4447e-01 -1.2419e-01 -4.7777e-02
75 0 +2.187721102e+01 +1.555772110e+02 +1.555772110e+02 +1.6995e-01 -1.3718e-01 -6.1488e-02
93 0 +2.127379541e+01 +1.549737954e+02 +1.549737954e+02 +1.7323e-01 -1.4892e-01 -4.8826e-02
97 0 +2.072679314e+01 +1.544267931e+02 +1.544267931e+02 +1.9107e-01 -1.4800e-01 -5.6652e-02
98 0 +2.034516089e+01 +1.540451609e+02 +1.540451609e+02 +1.9833e-01 -1.5041e-01 -5.4986e-02
101 0 +1.974769710e+01 +1.534476971e+02 +1.534476971e+02 +2.2141e-01 -1.6099e-01 -5.3490e-02
102 0 +1.944490524e+01 +1.531449052e+02 +1.531449052e+02 +2.3125e-01 -1.6771e-01 -4.6219e-02
104 0 +1.850444490e+01 +1.522044449e+02 +1.522044449e+02 +2.4874e-01 -1.5768e-01 -5.9102e-02
106 0 +1.804671532e+01 +1.517467153e+02 +1.517467153e+02 +2.6936e-01 -1.7479e-01 -3.9256e-02
107 0 +1.777126367e+01 +1.514712637e+02 +1.514712637e+02 +3.0488e-01 -1.8698e-01 -3.1391e-02
108 0 +1.680842154e+01 +1.505084215e+02 +1.505084215e+02 +2.8554e-01 -1.7034e-01 -3.8137e-02
109 0 +1.569629705e+01 +1.493962970e+02 +1.493962970e+02 +3.1269e-01 -1.7165e-01 -3.4097e-02
112 0 +1.407299049e+01 +1.477729905e+02 +1.477729905e+02 +4.0776e-01 -1.8373e-01 -3.3287e-02
113 0 +1.300056322e+01 +1.467005632e+02 +1.467005632e+02 +4.5919e-01 -1.8210e-01 -3.4235e-02
115 0 +1.189129047e+01 +1.455912905e+02 +1.455912905e+02 +3.9302e-01 -1.5698e-01 -3.9201e-02
116 0 +1.064961318e+01 +1.443496132e+02 +1.443496132e+02 +4.1154e-01 -1.4458e-01 -3.5292e-02
117 0 +1.043768390e+01 +1.441376839e+02 +1.441376839e+02 +5.0222e-01 -1.4908e-01 -5.2920e-02
120 0 +9.283550544e+00 +1.429835505e+02 +1.429835505e+02 +5.2577e-01 -1.2217e-01 -3.8330e-02
126 0 +8.956047918e+00 +1.426560479e+02 +1.426560479e+02 +5.1678e-01 -1.2924e-01 -1.7878e-02
% f evaluations | g evaluations | best noise-free fitness - Fopt (-2.098000000000e+01) + sum g_i+ | measured fitness | best measured fitness or single-digit g-values | x1 | x2...
1 0 +4.293454209e+01 +2.195454209e+01 +2.195454209e+01 +0.0000e+00 +0.0000e+00 +0.0000e+00
2 0 +4.292930639e+01 +2.194930639e+01 +2.194930639e+01 +2.5000e-04 +0.0000e+00 +0.0000e+00
11 0 +4.261751376e+01 +2.163751376e+01 +2.163751376e+01 +9.1667e-04 +6.6667e-04 -1.6667e-03
18 0 +4.167339315e+01 +2.069339315e+01 +2.069339315e+01 +4.1019e-03 +1.6296e-03 -6.8519e-03
21 0 +4.069237054e+01 +1.971237054e+01 +1.971237054e+01 +6.4722e-03 +3.8056e-03 -1.2722e-02
24 0 +3.940744181e+01 +1.842744181e+01 +1.842744181e+01 +1.1685e-02 +5.4907e-03 -2.1574e-02
25 0 +3.847276260e+01 +1.749276260e+01 +1.749276260e+01 +1.6278e-02 +7.5278e-03 -2.9944e-02
27 0 +3.773599399e+01 +1.675599399e+01 +1.675599399e+01 +2.0472e-02 +1.1556e-02 -4.1222e-02
86 0 +3.709853079e+01 +1.611853079e+01 +1.611853079e+01 +7.0797e-02 +1.2996e-02 -4.9781e-02
117 0 +3.607161220e+01 +1.509161220e+01 +1.509161220e+01 +1.0794e-01 +4.5128e-02 -5.1866e-02
120 0 +3.514862347e+01 +1.416862347e+01 +1.416862347e+01 +1.3785e-01 +6.5794e-02 -4.4609e-02
122 0 +3.372929672e+01 +1.274929672e+01 +1.274929672e+01 +1.0266e-01 +8.9675e-02 -5.1146e-02
124 0 +3.193272926e+01 +1.095272926e+01 +1.095272926e+01 +1.4048e-01 +1.1814e-01 -5.3240e-02
125 0 +3.031627636e+01 +9.336276360e+00 +9.336276360e+00 +1.4605e-01 +1.3728e-01 -4.7464e-02
126 0 +2.642342062e+01 +5.443420615e+00 +5.443420615e+00 +1.6511e-01 +1.8336e-01 -4.5263e-02
127 0 +2.529458032e+01 +4.314580320e+00 +4.314580320e+00 +1.3431e-01 +1.9499e-01 -5.5157e-02
128 0 +1.981116426e+01 -1.168835742e+00 -1.168835742e+00 +1.3254e-01 +2.5959e-01 -6.0431e-02
129 0 +1.819488767e+01 -2.785112325e+00 -2.785112325e+00 +1.8942e-01 +2.8438e-01 -5.4810e-02
130 0 +1.587659447e+01 -5.103405532e+00 -5.103405532e+00 +2.3280e-01 +3.8174e-01 -5.6642e-02
139 0 +1.526920336e+01 -5.710796645e+00 -5.710796645e+00 +2.0582e-01 +3.8494e-01 -5.5464e-02
145 0 +1.482144609e+01 -6.158553906e+00 -6.158553906e+00 +1.9100e-01 +3.6967e-01 -5.3660e-02
147 0 +1.460353789e+01 -6.376462108e+00 -6.376462108e+00 +1.7379e-01 +3.7758e-01 -5.4132e-02
155 0 +1.420150893e+01 -6.778491074e+00 -6.778491074e+00 +1.4021e-01 +3.6434e-01 -5.2682e-02
156 0 +1.405126795e+01 -6.928732049e+00 -6.928732049e+00 +1.2145e-01 +3.6978e-01 -5.1780e-02
% f evaluations | g evaluations | best noise-free fitness - Fopt (1.353300000000e+02) + sum g_i+ | measured fitness | best measured fitness or single-digit g-values | x1 | x2...
1 0 +3.053061949e+01 +1.658606195e+02 +1.658606195e+02 +0.0000e+00 +0.0000e+00 +0.0000e+00
3 0 +3.052295957e+01 +1.658529596e+02 +1.658529596e+02 +0.0000e+00 +2.5000e-04 +0.0000e+00
15 0 +3.016259637e+01 +1.654925964e+02 +1.654925964e+02 -1.2500e-03 +8.3333e-05 +3.0833e-03
22 0 +2.947003687e+01 +1.648000369e+02 +1.648000369e+02 -4.5833e-03 +1.6389e-03 +1.1972e-02
93 0 +2.880311065e+01 +1.641331107e+02 +1.641331107e+02 -4.2273e-02 +3.7004e-02 +1.6421e-02
101 0 +2.810035241e+01 +1.634303524e+02 +1.634303524e+02 -1.0676e-01 +6.2368e-02 +1.5393e-02
104 0 +2.665394630e+01 +1.619839463e+02 +1.619839463e+02 -1.8161e-01 +8.5439e-02 +9.3880e-03
106 0 +2.547141948e+01 +1.608014195e+02 +1.608014195e+02 -2.4006e-01 +1.1325e-01 +1.1405e-02
107 0 +2.398448042e+01 +1.593144804e+02 +1.593144804e+02 -2.6858e-01 +1.1616e-01 +1.0443e-02
108 0 +2.044881801e+01 +1.557788180e+02 +1.557788180e+02 -3.5330e-01 +1.4283e-01 +8.6871e-03
109 0 +1.989116590e+01 +1.552211659e+02 +1.552211659e+02 -3.8673e-01 +1.5792e-01 +3.8494e-03
126 0 +1.934526092e+01 +1.546752609e+02 +1.546752609e+02 -4.0423e-01 +1.6097e-01 +4.7090e-03
141 0 +1.896544296e+01 +1.542954430e+02 +1.542954430e+02 -4.0861e-01 +1.6141e-01 +8.1285e-03
144 0 +1.861434337e+01 +1.539443434e+02 +1.539443434e+02 -4.1825e-01 +1.6238e-01 +1.1010e-02
149 0 +1.807680960e+01 +1.534068096e+02 +1.534068096e+02 -4.1272e-01 +1.5404e-01 +2.1033e-02
158 0 +1.760764555e+01 +1.529376456e+02 +1.529376456e+02 -4.2858e-01 +1.5146e-01 +2.2672e-02
159 0 +1.735365309e+01 +1.526836531e+02 +1.526836531e+02 -4.3193e-01 +1.4723e-01 +2.3229e-02
163 0 +1.695270837e+01 +1.522827084e+02 +1.522827084e+02 -4.6066e-01 +1.4106e-01 +2.3360e-02
165 0 +1.638628151e+01 +1.517162815e+02 +1.517162815e+02 -4.6014e-01 +1.3306e-01 +1.8898e-02
166 0 +1.557526037e+01 +1.509052604e+02 +1.509052604e+02 -4.6493e-01 +1.2319e-01 +1.6015e-02
168 0 +1.379191956e+01 +1.491219196e+02 +1.491219196e+02 -4.9910e-01 +1.0299e-01 +2.0709e-02
172 0 +1.206659308e+01 +1.473965931e+02 +1.473965931e+02 -4.9863e-01 +6.9299e-02 +1.7502e-02
173 0 +1.098771370e+01 +1.463177137e+02 +1.463177137e+02 -4.9756e-01 +4.2655e-02 +1.8491e-02
178 0 +1.061556074e+01 +1.459455607e+02 +1.459455607e+02 -4.8237e-01 +4.2624e-03 +1.3339e-02
181 0 +1.010424142e+01 +1.454342414e+02 +1.454342414e+02 -4.6171e-01 +3.7925e-02 +1.7366e-02
191 0 +9.959011664e+00 +1.452890117e+02 +1.452890117e+02 -4.5642e-01 +2.4591e-02 +1.6507e-02
875 0 +8.213097546e+00 +1.435430975e+02 +1.435430975e+02 +4.3393e-01 +5.5667e-01 +2.7112e-01
876 0 +7.132273337e+00 +1.424622733e+02 +1.424622733e+02 +4.7788e-01 +5.4455e-01 +2.8023e-01
880 0 +5.063298747e+00 +1.403932987e+02 +1.403932987e+02 +5.3039e-01 +5.6834e-01 +2.8551e-01
897 0 +4.987680318e+00 +1.403176803e+02 +1.403176803e+02 +5.5234e-01 +5.7186e-01 +2.9051e-01
% f evaluations | g evaluations | best noise-free fitness - Fopt (4.066000000000e+01) + sum g_i+ | measured fitness | best measured fitness or single-digit g-values | x1 | x2...
1 0 +2.067564417e+02 +2.474164417e+02 +2.474164417e+02 +0.0000e+00 +0.0000e+00 +0.0000e+00
3 0 +2.067312372e+02 +2.473912372e+02 +2.473912372e+02 +0.0000e+00 +2.5000e-04 +0.0000e+00
22 0 +2.040051172e+02 +2.446651172e+02 +2.446651172e+02 -1.6500e-02 +6.2500e-03 +1.2250e-02
27 0 +1.987163829e+02 +2.393763829e+02 +2.393763829e+02 -4.2000e-02 +1.6667e-02 +3.1583e-02
29 0 +1.935692772e+02 +2.342292772e+02 +2.342292772e+02 -6.3167e-02 +2.5583e-02 +4.8250e-02
30 0 +1.878567749e+02 +2.285167749e+02 +2.285167749e+02 -8.6500e-02 +3.5250e-02 +6.6250e-02
31 0 +1.857565724e+02 +2.264165724e+02 +2.264165724e+02 -9.6500e-02 +3.7833e-02 +7.3833e-02
32 0 +1.785399124e+02 +2.191999124e+02 +2.191999124e+02 -1.3250e-01 +5.1500e-02 +1.0150e-01
33 0 +1.762634255e+02 +2.169234255e+02 +2.169234255e+02 -1.4767e-01 +5.8917e-02 +1.1167e-01
34 0 +1.727652950e+02 +2.134252950e+02 +2.134252950e+02 -2.0300e-01 +8.1250e-02 +1.5300e-01
104 0 +1.696968652e+02 +2.103568652e+02 +2.103568652e+02 -2.1579e-01 +1.1947e-01 +1.2956e-01
115 0 +1.657524644e+02 +2.064124644e+02 +2.064124644e+02 -1.1327e-01 +1.2157e-01 +1.0854e-01
120 0 +1.613035822e+02 +2.019635822e+02 +2.019635822e+02 -9.2554e-02 +1.3129e-01 +1.2505e-01
127 0 +1.566430035e+02 +1.973030035e+02 +1.973030035e+02 -1.9805e-02 +1.4811e-01 +1.5038e-01
215 0 +1.494482663e+02 +1.901082663e+02 +1.901082663e+02 -4.6641e+00 -2.5860e+00 +3.0859e+00
216 0 +1.298543566e+02 +1.705143566e+02 +1.705143566e+02 -4.3538e+00 -2.5994e+00 +2.6742e+00
231 0 +1.230323285e+02 +1.636923285e+02 +1.636923285e+02 -4.3955e+00 -2.6836e+00 +3.0429e+00
232 0 +1.110362696e+02 +1.516962696e+02 +1.516962696e+02 -4.4880e+00 -2.6888e+00 +3.2615e+00
235 0 +1.090257511e+02 +1.496857511e+02 +1.496857511e+02 -4.4011e+00 -2.6496e+00 +2.9626e+00
265 0 +1.069289340e+02 +1.475889340e+02 +1.475889340e+02 -4.3387e+00 -2.6566e+00 +2.9684e+00
371 0 +7.903833608e+01 +1.196983361e+02 +1.196983361e+02 -4.5914e-01 +8.2608e-01 +2.1534e+00
372 0 +4.477138197e+01 +8.543138197e+01 +8.543138197e+01 -5.1654e-01 +8.2608e-01 +4.2325e+00
373 0 +3.938645645e+01 +8.004645645e+01 +8.004645645e+01 -5.5799e-01 +8.0314e-01 +4.2697e+00
388 0 +3.798355710e+01 +7.864355710e+01 +7.864355710e+01 -5.4151e-01 +7.9319e-01 +3.9293e+00
416 0 +3.699477935e+01 +7.765477935e+01 +7.765477935e+01 -5.4987e-01 +7.8374e-01 +3.9266e+00
422 0 +3.618422022e+01 +7.684422022e+01 +7.684422022e+01 -5.5677e-01 +7.7528e-01 +3.9264e+00
425 0 +3.487962877e+01 +7.553962877e+01 +7.553962877e+01 -5.6952e-01 +7.6112e-01 +3.9298e+00
426 0 +3.397086624e+01 +7.463086624e+01 +7.463086624e+01 -5.7806e-01 +7.5106e-01 +3.9285e+00
428 0 +3.281894417e+01 +7.347894417e+01 +7.347894417e+01 -5.9100e-01 +7.3411e-01 +3.9365e+00
430 0 +3.179682087e+01 +7.245682087e+01 +7.245682087e+01 -5.9976e-01 +7.2060e-01 +3.9138e+00
431 0 +3.009238673e+01 +7.075238673e+01 +7.075238673e+01 -6.1814e-01 +7.0088e-01 +3.9264e+00
432 0 +2.793966653e+01 +6.859966653e+01 +6.859966653e+01 -6.4666e-01 +6.6651e-01 +3.9265e+00
434 0 +2.623100592e+01 +6.689100592e+01 +6.689100592e+01 -6.8131e-01 +6.1912e-01 +3.9198e+00
442 0 +2.566856480e+01 +6.632856480e+01 +6.632856480e+01 -7.1900e-01 +5.7475e-01 +3.9225e+00
467 0 +2.497534757e+01 +6.563534757e+01 +6.563534757e+01 -7.2117e-01 +5.8580e-01 +3.9234e+00
471 0 +2.450267076e+01 +6.516267076e+01 +6.516267076e+01 -7.3848e-01 +5.7814e-01 +3.9154e+00
475 0 +2.376467798e+01 +6.442467798e+01 +6.442467798e+01 -7.5446e-01 +5.7645e-01 +3.9143e+00
476 0 +2.342601849e+01 +6.408601849e+01 +6.408601849e+01 -7.7111e-01 +5.7178e-01 +3.9098e+00
481 0 +2.265038057e+01 +6.331038057e+01 +6.331038057e+01 -8.4031e-01 +5.4926e-01 +3.9025e+00
483 0 +2.189529743e+01 +6.255529743e+01 +6.255529743e+01 -8.0872e-01 +5.6607e-01 +3.9130e+00
484 0 +2.157501191e+01 +6.223501191e+01 +6.223501191e+01 -7.9515e-01 +5.7818e-01 +3.9199e+00
486 0 +2.028930897e+01 +6.094930897e+01 +6.094930897e+01 -8.7656e-01 +5.6552e-01 +3.9084e+00
487 0 +1.943396227e+01 +6.009396227e+01 +6.009396227e+01 -9.0172e-01 +5.7620e-01 +3.9076e+00
489 0 +1.899652363e+01 +5.965652363e+01 +5.965652363e+01 -8.4729e-01 +6.0293e-01 +3.9395e+00
491 0 +1.728802460e+01 +5.794802460e+01 +5.794802460e+01 -9.0859e-01 +6.2867e-01 +3.9352e+00
510 0 +1.697119794e+01 +5.763119794e+01 +5.763119794e+01 -9.2857e-01 +6.4366e-01 +3.9262e+00
