% f evaluations | g evaluations | best noise-free fitness - Fopt (-1.694000000000e+01) + sum g_i+ | measured fitness | best measured fitness or single-digit g-values | x1 | x2...
1 0 +1.275492373e+03 +1.258552373e+03 +1.258552373e+03 +0.0000e+00 +0.0000e+00
3 0 +1.275387962e+03 +1.258447962e+03 +1.258447962e+03 +0.0000e+00 +2.5000e-04
11 0 +1.253714434e+03 +1.236774434e+03 +1.236774434e+03 -2.9375e-03 +2.8594e-03
13 0 +1.224161677e+03 +1.207221677e+03 +1.207221677e+03 -5.7187e-03 +4.6172e-03
15 0 +1.173318932e+03 +1.156378932e+03 +1.156378932e+03 -9.2344e-03 +8.2773e-03
16 0 +1.126194056e+03 +1.109254056e+03 +1.109254056e+03 -1.2016e-02 +1.0035e-02
17 0 +1.036307130e+03 +1.019367130e+03 +1.019367130e+03 -1.6555e-02 +1.3623e-02
18 0 +9.580942028e+02 +9.411542028e+02 +9.411542028e+02 -2.0070e-02 +1.7283e-02
19 0 +7.937916166e+02 +7.768516166e+02 +7.768516166e+02 -2.7246e-02 +2.3616e-02
20 0 +6.376939872e+02 +6.207539872e+02 +6.207539872e+02 -3.4566e-02 +2.8962e-02
21 0 +4.340790486e+02 +4.171390486e+02 +4.171390486e+02 -4.7232e-02 +3.9304e-02
22 0 +3.491933688e+02 +3.322533688e+02 +3.322533688e+02 -5.7924e-02 +4.9297e-02
28 0 +3.440396815e+02 +3.270996815e+02 +3.270996815e+02 -6.7830e-02 +5.6873e-02
31 0 +3.379753328e+02 +3.210353328e+02 +3.210353328e+02 -6.2964e-02 +5.3354e-02
% f evaluations | g evaluations | best noise-free fitness - Fopt (1.881000000000e+01) + sum g_i+ | measured fitness | best measured fitness or single-digit g-values | x1 | x2...
1 0 +2.061503494e+02 +2.249603494e+02 +2.249603494e+02 +0.0000e+00 +0.0000e+00
2 0 +2.061036871e+02 +2.249136871e+02 +2.249136871e+02 +2.5000e-04 +0.0000e+00
8 0 +2.040342181e+02 +2.228442181e+02 +2.228442181e+02 +1.0625e-03 -1.2500e-03
12 0 +1.988608346e+02 +2.176708346e+02 +2.176708346e+02 +3.3906e-03 -4.0625e-03
14 0 +1.932608723e+02 +2.120708723e+02 +2.120708723e+02 +6.0078e-03 -6.7813e-03
15 0 +1.878420613e+02 +2.066520613e+02 +2.066520613e+02 +8.2773e-03 -9.2344e-03
16 0 +1.815492421e+02 +2.003592421e+02 +2.003592421e+02 +1.0035e-02 -1.2016e-02
17 0 +1.704320509e+02 +1.892420509e+02 +1.892420509e+02 +1.3623e-02 -1.6555e-02
18 0 +1.611551793e+02 +1.799651793e+02 +1.799651793e+02 +1.7283e-02 -2.0070e-02
19 0 +1.421634852e+02 +1.609734852e+02 +1.609734852e+02 +2.3616e-02 -2.7246e-02
20 0 +1.235975987e+02 +1.424075987e+02 +1.424075987e+02 +2.8962e-02 -3.4566e-02
21 0 +9.504784018e+01 +1.138578402e+02 +1.138578402e+02 +3.9304e-02 -4.7232e-02
22 0 +7.663387151e+01 +9.544387151e+01 +9.544387151e+01 +4.9297e-02 -5.7924e-02
23 0 +5.968038282e+01 +7.849038282e+01 +7.849038282e+01 +6.7135e-02 -7.8608e-02
296 0 +4.701068813e+01 +6.582068813e+01 +6.582068813e+01 -6.6612e-01 +8.8968e-01
298 0 +3.729570419e+01 +5.610570419e+01 +5.610570419e+01 -6.6612e-01 +9.3417e-01
301 0 +2.835490002e+01 +4.716490002e+01 +4.716490002e+01 -6.5779e-01 +9.1192e-01
306 0 +2.807892594e+01 +4.688892594e+01 +4.688892594e+01 -6.7236e-01 +9.1748e-01
% f evaluations | g evaluations | best noise-free fitness - Fopt (2.731500000000e+02) + sum g_i+ | measured fitness | best measured fitness or single-digit g-values | x1 | x2...
1 0 +6.092861296e+02 +8.824361296e+02 +8.824361296e+02 +0.0000e+00 +0.0000e+00
3 0 +6.092563492e+02 +8.824063492e+02 +8.824063492e+02 +0.0000e+00 +2.5000e-04
16 0 +6.005884624e+02 +8.737384624e+02 +8.737384624e+02 -1.2016e-02 +1.0035e-02
19 0 +5.768550499e+02 +8.500050499e+02 +8.500050499e+02 -2.7246e-02 +2.3616e-02
20 0 +5.618090368e+02 +8.349590368e+02 +8.349590368e+02 -3.4566e-02 +2.8962e-02
21 0 +5.294112057e+02 +8.025612057e+02 +8.025612057e+02 -4.7232e-02 +3.9304e-02
22 0 +4.962020980e+02 +7.693520980e+02 +7.693520980e+02 -5.7924e-02 +4.9297e-02
23 0 +4.258909420e+02 +6.990409420e+02 +6.990409420e+02 -7.8608e-02 +6.7135e-02
24 0 +3.572559083e+02 +6.304059083e+02 +6.304059083e+02 -9.8595e-02 +8.2823e-02
25 0 +2.474103085e+02 +5.205603085e+02 +5.205603085e+02 -1.3427e-01 +1.1243e-01
26 0 +1.803258131e+02 +4.534758131e+02 +4.534758131e+02 -1.6565e-01 +1.4026e-01
27 0 +1.463671210e+02 +4.195171210e+02 +4.195171210e+02 -2.2485e-01 +1.9073e-01
36 0 +1.440980694e+02 +4.172480694e+02 +4.172480694e+02 -2.0970e-01 +1.7704e-01
240 0 +1.009486502e+02 +3.740986502e+02 +3.740986502e+02 -2.2352e+00 -8.9305e-01
% f evaluations | g evaluations | best noise-free fitness - Fopt (3.718000000000e+01) + sum g_i+ | measured fitness | best measured fitness or single-digit g-values | x1 | x2...
1 0 +1.121427784e+02 +1.493227784e+02 +1.493227784e+02 +0.0000e+00 +0.0000e+00
2 0 +1.120940980e+02 +1.492740980e+02 +1.492740980e+02 +2.5000e-04 +0.0000e+00
9 0 +1.089962345e+02 +1.461762345e+02 +1.461762345e+02 +6.5625e-04 +1.4688e-03
11 0 +1.062517825e+02 +1.434317825e+02 +1.434317825e+02 +3.2813e-04 +2.8594e-03
13 0 +1.025936427e+02 +1.397736427e+02 +1.397736427e+02 +1.3516e-03 +4.6172e-03
14 0 +9.997487499e+01 +1.371548750e+02 +1.371548750e+02 +1.0234e-03 +6.0078e-03
15 0 +9.570139892e+01 +1.328813989e+02 +1.328813989e+02 +1.2070e-03 +8.2773e-03
16 0 +9.236287541e+01 +1.295428754e+02 +1.295428754e+02 +2.2305e-03 +1.0035e-02
17 0 +8.609361538e+01 +1.232736154e+02 +1.232736154e+02 +3.1816e-03 +1.3623e-02
18 0 +8.036336900e+01 +1.175433690e+02 +1.175433690e+02 +3.0371e-03 +1.7283e-02
19 0 +7.152279105e+01 +1.087027910e+02 +1.087027910e+02 +3.8799e-03 +2.3616e-02
20 0 +6.519829071e+01 +1.023782907e+02 +1.023782907e+02 +5.8545e-03 +2.8962e-02
21 0 +5.648168283e+01 +9.366168283e+01 +9.366168283e+01 +8.1782e-03 +3.9304e-02
22 0 +5.218105007e+01 +8.936105007e+01 +8.936105007e+01 +8.8765e-03 +4.9297e-02
146 0 +4.145044616e+01 +7.863044616e+01 +7.863044616e+01 -1.7324e+00 +2.2746e+00
147 0 +3.448642402e+01 +7.166642402e+01 +7.166642402e+01 -1.8190e+00 +2.2746e+00
149 0 +7.804159475e+00 +4.498415947e+01 +4.498415947e+01 -1.8190e+00 +2.1609e+00
150 0 +3.132127971e+00 +4.031212797e+01 +4.031212797e+01 -1.8623e+00 +2.0471e+00
160 0 +2.807091592e+00 +3.998709159e+01 +3.998709159e+01 -1.8948e+00 +2.0187e+00
165 0 +2.432441657e+00 +3.961244166e+01 +3.961244166e+01 -1.9164e+00 +2.0187e+00
% f evaluations | g evaluations | best noise-free fitness - Fopt (-1.479000000000e+02) + sum g_i+ | measured fitness | best measured fitness or single-digit g-values | x1 | x2...
1 0 +1.284153627e+02 -1.948463728e+01 -1.948463728e+01 +0.0000e+00 +0.0000e+00
4 0 +1.280817921e+02 -1.981820794e+01 -1.981820794e+01 -2.5000e-04 +2.5000e-04
7 0 +1.256676621e+02 -2.223233795e+01 -2.223233795e+01 -7.5000e-04 +6.2500e-05
9 0 +1.228205553e+02 -2.507944465e+01 -2.507944465e+01 -1.8750e-03 +6.5625e-04
11 0 +1.178968056e+02 -3.000319443e+01 -3.000319443e+01 -2.9375e-03 +3.2813e-04
12 0 +1.150837743e+02 -3.281622572e+01 -3.281622572e+01 -4.0625e-03 +9.2188e-04
13 0 +1.098855402e+02 -3.801445976e+01 -3.801445976e+01 -5.7187e-03 +1.3516e-03
14 0 +1.051390632e+02 -4.276093683e+01 -4.276093683e+01 -6.7813e-03 +1.0234e-03
15 0 +9.676018496e+01 -5.113981504e+01 -5.113981504e+01 -9.2344e-03 +1.2070e-03
16 0 +8.957706252e+01 -5.832293748e+01 -5.832293748e+01 -1.2016e-02 +2.2305e-03
17 0 +7.744740004e+01 -7.045259996e+01 -7.045259996e+01 -1.6555e-02 +3.1816e-03
18 0 +6.784160830e+01 -8.005839170e+01 -8.005839170e+01 -2.0070e-02 +3.0371e-03
19 0 +5.454335065e+01 -9.335664935e+01 -9.335664935e+01 -2.7246e-02 +3.8799e-03
20 0 +4.732541699e+01 -1.005745830e+02 -1.005745830e+02 -3.4566e-02 +5.8545e-03
21 0 +4.550045525e+01 -1.023995448e+02 -1.023995448e+02 -4.7232e-02 +8.1782e-03
29 0 +4.449116345e+01 -1.034088365e+02 -1.034088365e+02 -4.1704e-02 +6.7766e-03
228 0 +1.368882169e+01 -1.342111783e+02 -1.342111783e+02 -1.2589e+00 +3.7404e-01
230 0 +1.332317439e+01 -1.345768256e+02 -1.345768256e+02 -1.2589e+00 +3.9274e-01
233 0 +1.163413106e+01 -1.362658689e+02 -1.362658689e+02 -1.2589e+00 +3.8339e-01
% f evaluations | g evaluations | best noise-free fitness - Fopt (4.817100000000e+02) + sum g_i+ | measured fitness | best measured fitness or single-digit g-values | x1 | x2...
1 0 +5.293664923e+02 +1.011076492e+03 +1.011076492e+03 +0.0000e+00 +0.0000e+00
3 0 +5.286180113e+02 +1.010328011e+03 +1.010328011e+03 +0.0000e+00 +2.5000e-04
7 0 +5.246052752e+02 +1.006315275e+03 +1.006315275e+03 -7.5000e-04 +9.3750e-04
11 0 +5.107609066e+02 +9.924709066e+02 +9.924709066e+02 -2.9375e-03 +2.8594e-03
13 0 +4.921801609e+02 +9.738901609e+02 +9.738901609e+02 -5.7187e-03 +4.6172e-03
14 0 +4.801089153e+02 +9.618189153e+02 +9.618189153e+02 -6.7813e-03 +6.0078e-03
15 0 +4.550005552e+02 +9.367105552e+02 +9.367105552e+02 -9.2344e-03 +8.2773e-03
16 0 +4.292589130e+02 +9.109689130e+02 +9.109689130e+02 -1.2016e-02 +1.0035e-02
17 0 +3.790936806e+02 +8.608036806e+02 +8.608036806e+02 -1.6555e-02 +1.3623e-02
18 0 +3.330657849e+02 +8.147757849e+02 +8.147757849e+02 -2.0070e-02 +1.7283e-02
19 0 +2.543909020e+02 +7.361009020e+02 +7.361009020e+02 -2.7246e-02 +2.3616e-02
20 0 +1.978889919e+02 +6.795989919e+02 +6.795989919e+02 -3.4566e-02 +2.8962e-02
21 0 +1.462612254e+02 +6.279712254e+02 +6.279712254e+02 -4.7232e-02 +3.9304e-02
31 0 +1.439674423e+02 +6.256774423e+02 +6.256774423e+02 -5.0029e-02 +4.1824e-02
256 0 +1.802828356e+01 +4.997382836e+02 +4.997382836e+02 +5.8472e-01 -2.5805e+00
258 0 +1.544311598e+01 +4.971531160e+02 +4.971531160e+02 +5.8472e-01 -2.7095e+00
262 0 +1.405897841e+01 +4.957689784e+02 +4.957689784e+02 +5.8838e-01 -2.6208e+00
% f evaluations | g evaluations | best noise-free fitness - Fopt (-3.646000000000e+01) + sum g_i+ | measured fitness | best measured fitness or single-digit g-values | x1 | x2...
1 0 +7.187045016e+01 +3.541045016e+01 +3.541045016e+01 +0.0000e+00 +0.0000e+00
4 0 +7.156919439e+01 +3.510919439e+01 +3.510919439e+01 +2.5000e-04 -2.5000e-04
8 0 +7.039161248e+01 +3.393161248e+01 +3.393161248e+01 +4.3750e-04 -1.2500e-03
11 0 +6.889083590e+01 +3.243083590e+01 +3.243083590e+01 +3.2813e-04 -2.9375e-03
130 0 +2.479872855e+01 -1.166127145e+01 -1.166127145e+01 +1.9317e+00 -1.7218e+00
132 0 +1.553179390e+01 -2.092820610e+01 -2.092820610e+01 +1.9317e+00 -1.8079e+00
133 0 +1.491313950e+01 -2.154686050e+01 -2.154686050e+01 +1.8351e+00 -1.8079e+00
135 0 +1.316107938e+01 -2.329892062e+01 -2.329892062e+01 +1.8351e+00 -1.8940e+00
142 0 +9.248661241e+00 -2.721133876e+01 -2.721133876e+01 +1.7868e+00 -1.9370e+00
151 0 +7.936129269e+00 -2.852387073e+01 -2.852387073e+01 +1.7838e+00 -1.9249e+00
% f evaluations | g evaluations | best noise-free fitness - Fopt (3.920000000000e+01) + sum g_i+ | measured fitness | best measured fitness or single-digit g-values | x1 | x2...
1 0 +2.550956913e+02 +2.942956913e+02 +2.942956913e+02 +0.0000e+00 +0.0000e+00
3 0 +2.550126231e+02 +2.942126231e+02 +2.942126231e+02 +0.0000e+00 +2.5000e-04
9 0 +2.496369457e+02 +2.888369457e+02 +2.888369457e+02 -1.8750e-03 +1.4688e-03
12 0 +2.431226458e+02 +2.823226458e+02 +2.823226458e+02 -4.0625e-03 +3.3906e-03
13 0 +2.382277993e+02 +2.774277993e+02 +2.774277993e+02 -5.7187e-03 +4.6172e-03
15 0 +2.274095310e+02 +2.666095310e+02 +2.666095310e+02 -9.2344e-03 +8.2773e-03
16 0 +2.192296905e+02 +2.584296905e+02 +2.584296905e+02 -1.2016e-02 +1.0035e-02
17 0 +2.057303324e+02 +2.449303324e+02 +2.449303324e+02 -1.6555e-02 +1.3623e-02
18 0 +1.951618018e+02 +2.343618018e+02 +2.343618018e+02 -2.0070e-02 +1.7283e-02
19 0 +1.748160938e+02 +2.140160938e+02 +2.140160938e+02 -2.7246e-02 +2.3616e-02
20 0 +1.559987762e+02 +1.951987762e+02 +1.951987762e+02 -3.4566e-02 +2.8962e-02
21 0 +1.280699688e+02 +1.672699688e+02 +1.672699688e+02 -4.7232e-02 +3.9304e-02
22 0 +1.099188632e+02 +1.491188632e+02 +1.491188632e+02 -5.7924e-02 +4.9297e-02
23 0 +9.056383423e+01 +1.297638342e+02 +1.297638342e+02 -7.8608e-02 +6.7135e-02
30 0 +8.893969059e+01 +1.281396906e+02 +1.281396906e+02 -8.3430e-02 +7.0519e-02
238 0 +7.921994386e+01 +1.184199439e+02 +1.184199439e+02 +2.1891e+00 +3.7049e+00
245 0 +7.761249512e+01 +1.168124951e+02 +1.168124951e+02 +2.1932e+00 +3.6953e+00
310 0 +7.369114876e+01 +1.128911488e+02 +1.128911488e+02 +1.8455e+00 +2.5451e-01
311 0 +2.510548862e+01 +6.430548862e+01 +6.430548862e+01 +1.9378e+00 +2.5451e-01
321 0 +2.405450903e+01 +6.325450903e+01 +6.325450903e+01 +1.9494e+00 +2.5690e-01
324 0 +2.382596682e+01 +6.302596682e+01 +6.302596682e+01 +1.9436e+00 +2.5411e-01
% f evaluations | g evaluations | best noise-free fitness - Fopt (-3.225000000000e+01) + sum g_i+ | measured fitness | best measured fitness or single-digit g-values | x1 | x2...
1 0 +1.320761761e+02 +9.982617610e+01 +9.982617610e+01 +0.0000e+00 +0.0000e+00
2 0 +1.314378601e+02 +9.918786012e+01 +9.918786012e+01 +2.5000e-04 +0.0000e+00
8 0 +1.283319656e+02 +9.608196556e+01 +9.608196556e+01 +4.3750e-04 +1.0625e-03
11 0 +1.243992296e+02 +9.214922963e+01 +9.214922963e+01 +3.2813e-04 +2.8594e-03
12 0 +1.219549574e+02 +8.970495741e+01 +8.970495741e+01 +9.2188e-04 +3.3906e-03
13 0 +1.185952322e+02 +8.634523223e+01 +8.634523223e+01 +1.3516e-03 +4.6172e-03
14 0 +1.165853758e+02 +8.433537576e+01 +8.433537576e+01 +1.0234e-03 +6.0078e-03
15 0 +1.124102451e+02 +8.016024510e+01 +8.016024510e+01 +1.2070e-03 +8.2773e-03
16 0 +1.084429666e+02 +7.619296661e+01 +7.619296661e+01 +2.2305e-03 +1.0035e-02
17 0 +1.036619770e+02 +7.141197699e+01 +7.141197699e+01 +3.1816e-03 +1.3623e-02
18 0 +1.013814432e+02 +6.913144322e+01 +6.913144322e+01 +3.0371e-03 +1.7283e-02
50 0 +7.903176059e+01 +4.678176059e+01 +4.678176059e+01 -2.8229e-02 +3.5041e+00
67 0 +7.757552797e+01 +4.532552797e+01 +4.532552797e+01 -2.8549e-02 +3.5119e+00
104 0 +7.576351657e+01 +4.351351657e+01 +4.351351657e+01 -1.9330e-01 +7.2884e-01
106 0 +6.825980773e+01 +3.600980773e+01 +3.600980773e+01 -1.8363e-01 +7.2884e-01
155 0 +2.980900249e+01 -2.440997506e+00 -2.440997506e+00 +9.3842e-02 +2.1429e+00
167 0 +2.010899954e+01 -1.214100046e+01 -1.214100046e+01 +9.4722e-02 +2.1295e+00
% f evaluations | g evaluations | best noise-free fitness - Fopt (3.681200000000e+02) + sum g_i+ | measured fitness | best measured fitness or single-digit g-values | x1 | x2...
1 0 +1.179500200e+02 +4.860700200e+02 +4.860700200e+02 +0.0000e+00 +0.0000e+00
3 0 +1.177399887e+02 +4.858599887e+02 +4.858599887e+02 +0.0000e+00 +2.5000e-04
6 0 +1.173938847e+02 +4.855138847e+02 +4.855138847e+02 -5.0000e-04 +6.2500e-04
12 0 +1.144315001e+02 +4.825515001e+02 +4.825515001e+02 -4.0625e-03 +3.3906e-03
14 0 +1.110474802e+02 +4.791674802e+02 +4.791674802e+02 -6.7813e-03 +6.0078e-03
15 0 +1.076861945e+02 +4.758061945e+02 +4.758061945e+02 -9.2344e-03 +8.2773e-03
16 0 +1.047838569e+02 +4.729038569e+02 +4.729038569e+02 -1.2016e-02 +1.0035e-02
17 0 +9.841834229e+01 +4.665383423e+02 +4.665383423e+02 -1.6555e-02 +1.3623e-02
18 0 +9.150670931e+01 +4.596267093e+02 +4.596267093e+02 -2.0070e-02 +1.7283e-02
19 0 +7.895870445e+01 +4.470787044e+02 +4.470787044e+02 -2.7246e-02 +2.3616e-02
20 0 +6.850121604e+01 +4.366212160e+02 +4.366212160e+02 -3.4566e-02 +2.8962e-02
21 0 +5.116516994e+01 +4.192851699e+02 +4.192851699e+02 -4.7232e-02 +3.9304e-02
22 0 +3.966493690e+01 +4.077849369e+02 +4.077849369e+02 -5.7924e-02 +4.9297e-02
23 0 +3.296710931e+01 +4.010871093e+02 +4.010871093e+02 -7.8608e-02 +6.7135e-02
61 0 +2.665217569e+01 +3.947721757e+02 +3.947721757e+02 -4.0658e-01 -3.7016e-01
62 0 +2.579979815e+01 +3.939197982e+02 +3.939197982e+02 -4.2691e-01 -3.7016e-01
64 0 +2.102299202e+01 +3.891429920e+02 +3.891429920e+02 -4.2691e-01 -3.5165e-01
68 0 +2.051365531e+01 +3.886336553e+02 +3.886336553e+02 -4.3199e-01 -3.6090e-01
71 0 +2.009101830e+01 +3.882110183e+02 +3.882110183e+02 -4.2437e-01 -3.5627e-01
% f evaluations | g evaluations | best noise-free fitness - Fopt (4.739000000000e+01) + sum g_i+ | measured fitness | best measured fitness or single-digit g-values | x1 | x2...
1 0 +5.247730441e+01 +9.986730441e+01 +9.986730441e+01 +0.0000e+00 +0.0000e+00
2 0 +5.241506754e+01 +9.980506754e+01 +9.980506754e+01 +2.5000e-04 +0.0000e+00
206 0 +2.389905972e+01 +7.128905972e+01 +7.128905972e+01 -1.7311e+00 -1.5155e+00
% f evaluations | g evaluations | best noise-free fitness - Fopt (-3.428900000000e+02) + sum g_i+ | measured fitness | best measured fitness or single-digit g-values | x1 | x2...
1 0 +4.180888042e+02 +7.519880415e+01 +7.519880415e+01 +0.0000e+00 +0.0000e+00
2 0 +4.178921031e+02 +7.500210307e+01 +7.500210307e+01 +2.5000e-04 +0.0000e+00
8 0 +4.166058303e+02 +7.371583032e+01 +7.371583032e+01 +1.0625e-03 -1.2500e-03
15 0 +4.040857506e+02 +6.119575063e+01 +6.119575063e+01 +8.2773e-03 -9.2344e-03
17 0 +3.907184292e+02 +4.782842923e+01 +4.782842923e+01 +1.3623e-02 -1.6555e-02
18 0 +3.816027571e+02 +3.871275709e+01 +3.871275709e+01 +1.7283e-02 -2.0070e-02
19 0 +3.627514191e+02 +1.986141908e+01 +1.986141908e+01 +2.3616e-02 -2.7246e-02
20 0 +3.435764150e+02 +6.864149767e-01 +6.864149767e-01 +2.8962e-02 -3.4566e-02
21 0 +3.050913650e+02 -3.779863503e+01 -3.779863503e+01 +3.9304e-02 -4.7232e-02
22 0 +2.684476304e+02 -7.444236959e+01 -7.444236959e+01 +4.9297e-02 -5.7924e-02
23 0 +2.043119059e+02 -1.385780941e+02 -1.385780941e+02 +6.7135e-02 -7.8608e-02
24 0 +1.564152230e+02 -1.864747770e+02 -1.864747770e+02 +8.2823e-02 -9.8595e-02
25 0 +1.063839332e+02 -2.365060668e+02 -2.365060668e+02 +1.1243e-01 -1.3427e-01
26 0 +1.043917629e+02 -2.384982371e+02 -2.384982371e+02 +1.4026e-01 -1.6565e-01
33 0 +1.002844816e+02 -2.426055184e+02 -2.426055184e+02 +1.2656e-01 -1.5049e-01
% f evaluations | g evaluations | best noise-free fitness - Fopt (9.102000000000e+01) + sum g_i+ | measured fitness | best measured fitness or single-digit g-values | x1 | x2...
1 0 +4.376990110e+01 +1.347899011e+02 +1.347899011e+02 +0.0000e+00 +0.0000e+00
3 0 +4.352878257e+01 +1.345487826e+02 +1.345487826e+02 +0.0000e+00 +2.5000e-04
7 0 +4.258731868e+01 +1.336073187e+02 +1.336073187e+02 -7.5000e-04 +9.3750e-04
10 0 +4.111492743e+01 +1.321349274e+02 +1.321349274e+02 -2.1250e-03 +2.0313e-03
11 0 +4.015763014e+01 +1.311776301e+02 +1.311776301e+02 -2.9375e-03 +2.8594e-03
12 0 +3.938268665e+01 +1.304026867e+02 +1.304026867e+02 -4.0625e-03 +3.3906e-03
13 0 +3.802268586e+01 +1.290426859e+02 +1.290426859e+02 -5.7187e-03 +4.6172e-03
14 0 +3.687444218e+01 +1.278944422e+02 +1.278944422e+02 -6.7813e-03 +6.0078e-03
15 0 +3.517698199e+01 +1.261969820e+02 +1.261969820e+02 -9.2344e-03 +8.2773e-03
16 0 +3.406090704e+01 +1.250809070e+02 +1.250809070e+02 -1.2016e-02 +1.0035e-02
17 0 +3.294243384e+01 +1.239624338e+02 +1.239624338e+02 -1.6555e-02 +1.3623e-02
118 0 +2.797177528e+01 +1.189917753e+02 +1.189917753e+02 +2.9697e+00 +8.2252e-01
121 0 +1.742404412e+01 +1.084440441e+02 +1.084440441e+02 +3.1181e+00 +7.8140e-01
131 0 +1.524977651e+01 +1.062697765e+02 +1.062697765e+02 +3.1599e+00 +7.8397e-01
134 0 +1.412100902e+01 +1.051410090e+02 +1.051410090e+02 +3.1344e+00 +7.8011e-01
% f evaluations | g evaluations | best noise-free fitness - Fopt (7.324200000000e+02) + sum g_i+ | measured fitness | best measured fitness or single-digit g-values | x1 | x2...
1 0 +1.338785646e+02 +8.662985646e+02 +8.662985646e+02 +0.0000e+00 +0.0000e+00
4 0 +1.338668643e+02 +8.662868643e+02 +8.662868643e+02 -2.5000e-04 +2.5000e-04
12 0 +1.316202581e+02 +8.640402581e+02 +8.640402581e+02 -4.0625e-03 +9.2188e-04
15 0 +1.284206247e+02 +8.608406247e+02 +8.608406247e+02 -9.2344e-03 +1.2070e-03
17 0 +1.252227506e+02 +8.576427506e+02 +8.576427506e+02 -1.6555e-02 +3.1816e-03
19 0 +1.203677427e+02 +8.527877427e+02 +8.527877427e+02 -2.7246e-02 +3.8799e-03
20 0 +1.182661649e+02 +8.506861649e+02 +8.506861649e+02 -3.4566e-02 +5.8545e-03
21 0 +1.153010669e+02 +8.477210669e+02 +8.477210669e+02 -4.7232e-02 +8.1782e-03
22 0 +1.137610249e+02 +8.461810249e+02 +8.461810249e+02 -5.7924e-02 +8.8765e-03
71 0 +1.110362255e+02 +8.434562255e+02 +8.434562255e+02 +2.5544e+00 -3.4072e+00
76 0 +8.712997883e+01 +8.195499788e+02 +8.195499788e+02 +2.5116e+00 -3.4348e+00
80 0 +7.816466389e+01 +8.105846639e+02 +8.105846639e+02 +2.5325e+00 -3.4234e+00
89 0 +7.758054176e+01 +8.100005418e+02 +8.100005418e+02 +2.5283e+00 -3.4253e+00
148 0 +5.184351780e+01 +7.842635178e+02 +7.842635178e+02 -2.0351e+00 -7.4893e-01
% f evaluations | g evaluations | best noise-free fitness - Fopt (3.542000000000e+01) + sum g_i+ | measured fitness | best measured fitness or single-digit g-values | x1 | x2...
1 0 +1.145407902e+02 +1.499607902e+02 +1.499607902e+02 +0.0000e+00 +0.0000e+00
2 0 +1.145187329e+02 +1.499387329e+02 +1.499387329e+02 +2.5000e-04 +0.0000e+00
46 0 +1.094366675e+02 +1.448566675e+02 +1.448566675e+02 -3.4595e+00 -1.8973e+00
51 0 +1.037773670e+02 +1.391973670e+02 +1.391973670e+02 -3.4801e+00 -1.9535e+00
54 0 +1.003565682e+02 +1.357765682e+02 +1.357765682e+02 -3.4492e+00 -1.9191e+00
140 0 +9.485732220e+01 +1.302773222e+02 +1.302773222e+02 -2.1453e+00 -1.8037e+00
149 0 +8.833690119e+01 +1.237569012e+02 +1.237569012e+02 -2.1006e+00 -1.7614e+00
