% f evaluations | g evaluations | best noise-free fitness - Fopt (-5.465000000000e+02) + sum g_i+ | measured fitness | best measured fitness or single-digit g-values | x1 | x2...
1 0 +5.521515401e+03 +4.975015401e+03 +4.975015401e+03 +0.0000e+00 +0.0000e+00
3 0 +5.519177083e+03 +4.972677083e+03 +4.972677083e+03 +0.0000e+00 +2.5000e-04
11 0 +5.487949812e+03 +4.941449812e+03 +4.941449812e+03 -2.9375e-03 +2.8594e-03
17 0 +5.356654748e+03 +4.810154748e+03 +4.810154748e+03 -1.6555e-02 +1.3623e-02
19 0 +5.240684480e+03 +4.694184480e+03 +4.694184480e+03 -2.7246e-02 +2.3616e-02
21 0 +5.054131595e+03 +4.507631595e+03 +4.507631595e+03 -4.7232e-02 +3.9304e-02
22 0 +4.941613933e+03 +4.395113933e+03 +4.395113933e+03 -5.7924e-02 +4.9297e-02
23 0 +4.740515084e+03 +4.194015084e+03 +4.194015084e+03 -7.8608e-02 +6.7135e-02
24 0 +4.563302633e+03 +4.016802633e+03 +4.016802633e+03 -9.8595e-02 +8.2823e-02
25 0 +4.242118634e+03 +3.695618634e+03 +3.695618634e+03 -1.3427e-01 +1.1243e-01
26 0 +3.954772771e+03 +3.408272771e+03 +3.408272771e+03 -1.6565e-01 +1.4026e-01
27 0 +3.453751142e+03 +2.907251142e+03 +2.907251142e+03 -2.2485e-01 +1.9073e-01
28 0 +3.027009479e+03 +2.480509479e+03 +2.480509479e+03 -2.8051e-01 +2.3602e-01
29 0 +2.307988150e+03 +1.761488150e+03 +1.761488150e+03 -3.8146e-01 +3.2047e-01
30 0 +1.732481003e+03 +1.185981003e+03 +1.185981003e+03 -4.7205e-01 +3.9877e-01
31 0 +8.985901291e+02 +3.520901291e+02 +3.520901291e+02 -6.4093e-01 +5.4195e-01
32 0 +3.765253829e+02 -1.699746171e+02 -1.699746171e+02 -7.9755e-01 +6.7168e-01
33 0 +2.668980581e+00 -5.438310194e+02 -5.438310194e+02 -1.0839e+00 +9.1216e-01
53 0 +2.277606998e+00 -5.442223930e+02 -5.442223930e+02 -1.0721e+00 +9.0258e-01
92 0 +2.229064464e+00 -5.442709355e+02 -5.442709355e+02 -1.0486e+00 +9.0895e-01
160 0 +2.072963193e+00 -5.444270368e+02 -5.444270368e+02 -2.0968e+00 +1.3813e+00
164 0 +2.027329896e+00 -5.444726701e+02 -5.444726701e+02 -2.1883e+00 +1.5045e+00
178 0 +1.987693014e+00 -5.445123070e+02 -5.445123070e+02 -2.1967e+00 +1.5193e+00
199 0 +1.946075698e+00 -5.445539243e+02 -5.445539243e+02 -2.1857e+00 +1.5182e+00
203 0 +1.891090785e+00 -5.446089092e+02 -5.446089092e+02 -2.1721e+00 +1.5245e+00
207 0 +1.839110279e+00 -5.446608897e+02 -5.446608897e+02 -2.1519e+00 +1.5361e+00
208 0 +1.813122426e+00 -5.446868776e+02 -5.446868776e+02 -2.1391e+00 +1.5394e+00
217 0 +1.777466313e+00 -5.447225337e+02 -5.447225337e+02 -2.0998e+00 +1.5447e+00
332 0 +1.320293099e+00 -5.451797069e+02 -5.451797069e+02 +1.4767e+00 +1.8360e+00
337 0 +1.195475797e+00 -5.453045242e+02 -5.453045242e+02 +1.5329e+00 +1.8688e+00
430 0 +1.041556989e+00 -5.454584430e+02 -5.454584430e+02 -2.3130e+00 +2.0619e+00
432 0 +3.745581684e-01 -5.461254418e+02 -5.461254418e+02 -2.1955e+00 +2.1082e+00
433 0 +1.055850849e-01 -5.463944149e+02 -5.463944149e+02 -2.0955e+00 +2.1275e+00
438 0 +5.066814028e-02 -5.464493319e+02 -5.464493319e+02 -2.0629e+00 +2.1102e+00
440 0 +1.874882088e-02 -5.464812512e+02 -5.464812512e+02 -2.1048e+00 +2.0962e+00
442 0 +1.711229563e-02 -5.464828877e+02 -5.464828877e+02 -2.0897e+00 +2.1153e+00
444 0 +2.615844124e-03 -5.464973842e+02 -5.464973842e+02 -2.1144e+00 +2.1036e+00
446 0 +1.462939280e-03 -5.464985371e+02 -5.464985371e+02 -2.1034e+00 +2.1028e+00
450 0 +3.791985112e-04 -5.464996208e+02 -5.464996208e+02 -2.1041e+00 +2.1062e+00
454 0 +1.687162314e-04 -5.464998313e+02 -5.464998313e+02 -2.1050e+00 +2.1040e+00
456 0 +1.114331283e-04 -5.464998886e+02 -5.464998886e+02 -2.1068e+00 +2.1046e+00
458 0 +5.284870792e-05 -5.464999472e+02 -5.464999472e+02 -2.1050e+00 +2.1053e+00
460 0 +2.372051483e-05 -5.464999763e+02 -5.464999763e+02 -2.1055e+00 +2.1045e+00
463 0 +6.991477449e-06 -5.464999930e+02 -5.464999930e+02 -2.1048e+00 +2.1050e+00
465 0 +5.485166412e-06 -5.464999945e+02 -5.464999945e+02 -2.1044e+00 +2.1049e+00
467 0 +2.530152415e-06 -5.464999975e+02 -5.464999975e+02 -2.1050e+00 +2.1047e+00
469 0 +1.055744747e-06 -5.464999989e+02 -5.464999989e+02 -2.1047e+00 +2.1049e+00
473 0 +2.654978744e-07 -5.464999997e+02 -5.464999997e+02 -2.1049e+00 +2.1048e+00
476 0 +2.433813506e-07 -5.464999998e+02 -5.464999998e+02 -2.1048e+00 +2.1049e+00
478 0 +1.884003495e-07 -5.464999998e+02 -5.464999998e+02 -2.1049e+00 +2.1049e+00
% f evaluations | g evaluations | best noise-free fitness - Fopt (1.000000000000e+03) + sum g_i+ | measured fitness | best measured fitness or single-digit g-values | x1 | x2...
1 0 +5.521515401e+03 +6.521515401e+03 +6.521515401e+03 +0.0000e+00 +0.0000e+00
3 0 +5.519177083e+03 +6.519177083e+03 +6.519177083e+03 +0.0000e+00 +2.5000e-04
11 0 +5.487949812e+03 +6.487949812e+03 +6.487949812e+03 -2.9375e-03 +2.8594e-03
17 0 +5.356654748e+03 +6.356654748e+03 +6.356654748e+03 -1.6555e-02 +1.3623e-02
19 0 +5.240684480e+03 +6.240684480e+03 +6.240684480e+03 -2.7246e-02 +2.3616e-02
21 0 +5.054131595e+03 +6.054131595e+03 +6.054131595e+03 -4.7232e-02 +3.9304e-02
22 0 +4.941613933e+03 +5.941613933e+03 +5.941613933e+03 -5.7924e-02 +4.9297e-02
23 0 +4.740515084e+03 +5.740515084e+03 +5.740515084e+03 -7.8608e-02 +6.7135e-02
24 0 +4.563302633e+03 +5.563302633e+03 +5.563302633e+03 -9.8595e-02 +8.2823e-02
25 0 +4.242118634e+03 +5.242118634e+03 +5.242118634e+03 -1.3427e-01 +1.1243e-01
26 0 +3.954772771e+03 +4.954772771e+03 +4.954772771e+03 -1.6565e-01 +1.4026e-01
27 0 +3.453751142e+03 +4.453751142e+03 +4.453751142e+03 -2.2485e-01 +1.9073e-01
28 0 +3.027009479e+03 +4.027009479e+03 +4.027009479e+03 -2.8051e-01 +2.3602e-01
29 0 +2.307988150e+03 +3.307988150e+03 +3.307988150e+03 -3.8146e-01 +3.2047e-01
30 0 +1.732481003e+03 +2.732481003e+03 +2.732481003e+03 -4.7205e-01 +3.9877e-01
31 0 +8.985901291e+02 +1.898590129e+03 +1.898590129e+03 -6.4093e-01 +5.4195e-01
32 0 +3.765253829e+02 +1.376525383e+03 +1.376525383e+03 -7.9755e-01 +6.7168e-01
33 0 +2.668980581e+00 +1.002668981e+03 +1.002668981e+03 -1.0839e+00 +9.1216e-01
53 0 +2.277606998e+00 +1.002277607e+03 +1.002277607e+03 -1.0721e+00 +9.0258e-01
92 0 +2.229064464e+00 +1.002229064e+03 +1.002229064e+03 -1.0486e+00 +9.0895e-01
225 0 +2.170424721e+00 +1.002170425e+03 +1.002170425e+03 -2.3528e+00 +8.7243e-01
231 0 +1.907786967e+00 +1.001907787e+03 +1.001907787e+03 -2.0905e+00 +1.2032e+00
233 0 +1.757014406e+00 +1.001757014e+03 +1.001757014e+03 -2.2064e+00 +1.2252e+00
236 0 +1.600455170e+00 +1.001600455e+03 +1.001600455e+03 -2.1485e+00 +1.2142e+00
245 0 +1.547795916e+00 +1.001547796e+03 +1.001547796e+03 -2.1502e+00 +1.2383e+00
246 0 +1.493615780e+00 +1.001493616e+03 +1.001493616e+03 -2.1212e+00 +1.2328e+00
363 0 +1.120484037e+00 +1.001120484e+03 +1.001120484e+03 -2.1033e+00 +6.4495e-01
% f evaluations | g evaluations | best noise-free fitness - Fopt (2.083800000000e+02) + sum g_i+ | measured fitness | best measured fitness or single-digit g-values | x1 | x2...
1 0 +5.521515401e+03 +5.729895401e+03 +5.729895401e+03 +0.0000e+00 +0.0000e+00
3 0 +5.519177083e+03 +5.727557083e+03 +5.727557083e+03 +0.0000e+00 +2.5000e-04
11 0 +5.487949812e+03 +5.696329812e+03 +5.696329812e+03 -2.9375e-03 +2.8594e-03
17 0 +5.356654748e+03 +5.565034748e+03 +5.565034748e+03 -1.6555e-02 +1.3623e-02
19 0 +5.240684480e+03 +5.449064480e+03 +5.449064480e+03 -2.7246e-02 +2.3616e-02
21 0 +5.054131595e+03 +5.262511595e+03 +5.262511595e+03 -4.7232e-02 +3.9304e-02
22 0 +4.941613933e+03 +5.149993933e+03 +5.149993933e+03 -5.7924e-02 +4.9297e-02
23 0 +4.740515084e+03 +4.948895084e+03 +4.948895084e+03 -7.8608e-02 +6.7135e-02
24 0 +4.563302633e+03 +4.771682633e+03 +4.771682633e+03 -9.8595e-02 +8.2823e-02
25 0 +4.242118634e+03 +4.450498634e+03 +4.450498634e+03 -1.3427e-01 +1.1243e-01
26 0 +3.954772771e+03 +4.163152771e+03 +4.163152771e+03 -1.6565e-01 +1.4026e-01
27 0 +3.453751142e+03 +3.662131142e+03 +3.662131142e+03 -2.2485e-01 +1.9073e-01
28 0 +3.027009479e+03 +3.235389479e+03 +3.235389479e+03 -2.8051e-01 +2.3602e-01
29 0 +2.307988150e+03 +2.516368150e+03 +2.516368150e+03 -3.8146e-01 +3.2047e-01
30 0 +1.732481003e+03 +1.940861003e+03 +1.940861003e+03 -4.7205e-01 +3.9877e-01
31 0 +8.985901291e+02 +1.106970129e+03 +1.106970129e+03 -6.4093e-01 +5.4195e-01
32 0 +3.765253829e+02 +5.849053829e+02 +5.849053829e+02 -7.9755e-01 +6.7168e-01
33 0 +2.668980581e+00 +2.110489806e+02 +2.110489806e+02 -1.0839e+00 +9.1216e-01
53 0 +2.277606998e+00 +2.106576070e+02 +2.106576070e+02 -1.0721e+00 +9.0258e-01
92 0 +2.229064464e+00 +2.106090645e+02 +2.106090645e+02 -1.0486e+00 +9.0895e-01
152 0 +2.180165419e+00 +2.105601654e+02 +2.105601654e+02 -1.0346e+00 +2.0259e+00
208 0 +1.945762361e+00 +2.103257624e+02 +2.103257624e+02 -2.0880e+00 +8.8695e-01
214 0 +1.364718358e+00 +2.097447184e+02 +2.097447184e+02 -2.0477e+00 +9.2132e-01
223 0 +6.942625411e-01 +2.090742625e+02 +2.090742625e+02 -2.0949e+00 +9.8340e-01
226 0 +6.783399481e-01 +2.090583399e+02 +2.090583399e+02 -2.0663e+00 +9.5666e-01
228 0 +6.371351342e-01 +2.090171351e+02 +2.090171351e+02 -2.0835e+00 +9.5475e-01
230 0 +6.056286507e-01 +2.089856287e+02 +2.089856287e+02 -2.0849e+00 +9.6955e-01
231 0 +6.016463320e-01 +2.089816463e+02 +2.089816463e+02 -2.1021e+00 +9.6765e-01
% f evaluations | g evaluations | best noise-free fitness - Fopt (-1.449600000000e+02) + sum g_i+ | measured fitness | best measured fitness or single-digit g-values | x1 | x2...
1 0 +5.521515401e+03 +5.376555401e+03 +5.376555401e+03 +0.0000e+00 +0.0000e+00
4 0 +5.519761669e+03 +5.374801669e+03 +5.374801669e+03 +2.5000e-04 -2.5000e-04
11 0 +5.494838324e+03 +5.349878324e+03 +5.349878324e+03 +3.2813e-04 -2.9375e-03
18 0 +5.342417181e+03 +5.197457181e+03 +5.197457181e+03 +3.0371e-03 -2.0070e-02
20 0 +5.216385179e+03 +5.071425179e+03 +5.071425179e+03 +5.8545e-03 -3.4566e-02
21 0 +5.107224671e+03 +4.962264671e+03 +4.962264671e+03 +8.1782e-03 -4.7232e-02
23 0 +4.837060677e+03 +4.692100677e+03 +4.692100677e+03 +1.1724e-02 -7.8608e-02
24 0 +4.673216089e+03 +4.528256089e+03 +4.528256089e+03 +1.6022e-02 -9.8595e-02
25 0 +4.384412141e+03 +4.239452141e+03 +4.239452141e+03 +2.2093e-02 -1.3427e-01
26 0 +4.134237998e+03 +3.989277998e+03 +3.989277998e+03 +2.5639e-02 -1.6565e-01
27 0 +3.685312372e+03 +3.540352372e+03 +3.540352372e+03 +3.4369e-02 -2.2485e-01
28 0 +3.289482205e+03 +3.144522205e+03 +3.144522205e+03 +4.4739e-02 -2.8051e-01
29 0 +2.622213329e+03 +2.477253329e+03 +2.477253329e+03 +6.1246e-02 -3.8146e-01
30 0 +2.082448404e+03 +1.937488404e+03 +1.937488404e+03 +7.3523e-02 -4.7205e-01
31 0 +1.249458294e+03 +1.104498294e+03 +1.104498294e+03 +9.9237e-02 -6.4093e-01
32 0 +6.752601886e+02 +5.303001886e+02 +5.303001886e+02 +1.2611e-01 -7.9755e-01
33 0 +7.353880350e+01 -7.142119650e+01 -7.142119650e+01 +1.7199e-01 -1.0839e+00
34 0 +6.305596335e+00 -1.386544037e+02 -1.386544037e+02 +2.0998e-01 -1.3434e+00
35 0 +3.902585510e+00 -1.410574145e+02 -1.410574145e+02 +2.8434e-01 -1.8243e+00
38 0 +2.917701984e+00 -1.420422980e+02 -1.420422980e+02 +2.4635e-01 -1.5648e+00
51 0 +2.880510187e+00 -1.420794898e+02 -1.420794898e+02 +2.4234e-01 -1.5349e+00
77 0 +2.814683830e+00 -1.421453162e+02 -1.421453162e+02 +2.3118e-01 -1.5522e+00
82 0 +2.747120982e+00 -1.422128790e+02 -1.422128790e+02 +2.0596e-01 -1.5499e+00
84 0 +2.676026144e+00 -1.422839739e+02 -1.422839739e+02 +1.9269e-01 -1.5390e+00
87 0 +2.586184311e+00 -1.423738157e+02 -1.423738157e+02 +1.3448e-01 -1.5294e+00
93 0 +2.568819957e+00 -1.423911800e+02 -1.423911800e+02 +1.2122e-01 -1.5184e+00
131 0 +2.296579550e+00 -1.426634204e+02 -1.426634204e+02 +1.4447e+00 -2.1503e+00
132 0 +2.075556899e+00 -1.428844431e+02 -1.428844431e+02 +1.5169e+00 -2.1503e+00
372 0 +2.013432918e+00 -1.429465671e+02 -1.429465671e+02 -9.1384e-01 -1.2755e+00
375 0 +1.952877843e+00 -1.430071222e+02 -1.430071222e+02 -9.1186e-01 -1.2570e+00
381 0 +1.936661530e+00 -1.430233385e+02 -1.430233385e+02 -9.1504e-01 -1.2580e+00
386 0 +1.901464610e+00 -1.430585354e+02 -1.430585354e+02 -9.2315e-01 -1.2589e+00
389 0 +1.843952409e+00 -1.431160476e+02 -1.431160476e+02 -9.3671e-01 -1.2518e+00
390 0 +1.806600331e+00 -1.431533997e+02 -1.431533997e+02 -9.4680e-01 -1.2506e+00
392 0 +1.738267215e+00 -1.432217328e+02 -1.432217328e+02 -9.7044e-01 -1.2424e+00
393 0 +1.698472306e+00 -1.432615277e+02 -1.432615277e+02 -9.9062e-01 -1.2401e+00
396 0 +1.684210062e+00 -1.432757899e+02 -1.432757899e+02 -1.0344e+00 -1.2296e+00
% f evaluations | g evaluations | best noise-free fitness - Fopt (-6.300000000000e+00) + sum g_i+ | measured fitness | best measured fitness or single-digit g-values | x1 | x2...
1 0 +5.521515401e+03 +5.515215401e+03 +5.515215401e+03 +0.0000e+00 +0.0000e+00
2 0 +5.520930718e+03 +5.514630718e+03 +5.514630718e+03 +2.5000e-04 +0.0000e+00
11 0 +5.487403541e+03 +5.481103541e+03 +5.481103541e+03 +2.8594e-03 -2.9375e-03
17 0 +5.336431870e+03 +5.330131870e+03 +5.330131870e+03 +1.3623e-02 -1.6555e-02
19 0 +5.215930405e+03 +5.209630405e+03 +5.209630405e+03 +2.3616e-02 -2.7246e-02
21 0 +5.001130085e+03 +4.994830085e+03 +4.994830085e+03 +3.9304e-02 -4.7232e-02
22 0 +4.884612035e+03 +4.878312035e+03 +4.878312035e+03 +4.9297e-02 -5.7924e-02
23 0 +4.666340696e+03 +4.660040696e+03 +4.660040696e+03 +6.7135e-02 -7.8608e-02
24 0 +4.463414257e+03 +4.457114257e+03 +4.457114257e+03 +8.2823e-02 -9.8595e-02
25 0 +4.108968682e+03 +4.102668682e+03 +4.102668682e+03 +1.1243e-01 -1.3427e-01
26 0 +3.805397909e+03 +3.799097909e+03 +3.799097909e+03 +1.4026e-01 -1.6565e-01
27 0 +3.266252947e+03 +3.259952947e+03 +3.259952947e+03 +1.9073e-01 -2.2485e-01
28 0 +2.798465867e+03 +2.792165867e+03 +2.792165867e+03 +2.3602e-01 -2.8051e-01
29 0 +2.036441554e+03 +2.030141554e+03 +2.030141554e+03 +3.2047e-01 -3.8146e-01
30 0 +1.454738089e+03 +1.448438089e+03 +1.448438089e+03 +3.9877e-01 -4.7205e-01
31 0 +6.425326134e+02 +6.362326134e+02 +6.362326134e+02 +5.4195e-01 -6.4093e-01
32 0 +1.802017719e+02 +1.739017719e+02 +1.739017719e+02 +6.7168e-01 -7.9755e-01
33 0 +5.511202320e+00 -7.887976800e-01 -7.887976800e-01 +9.1216e-01 -1.0839e+00
34 0 +4.444123252e+00 -1.855876748e+00 -1.855876748e+00 +1.1336e+00 -1.3434e+00
37 0 +4.284486480e+00 -2.015513520e+00 -2.015513520e+00 +1.2634e+00 -1.5000e+00
39 0 +1.924307919e+00 -4.375692081e+00 -4.375692081e+00 +1.0553e+00 -1.2528e+00
47 0 +1.823770304e+00 -4.476229696e+00 -4.476229696e+00 +1.0169e+00 -1.2088e+00
50 0 +1.685049642e+00 -4.614950358e+00 -4.614950358e+00 +1.0354e+00 -1.2295e+00
211 0 +1.344079469e+00 -4.955920531e+00 -4.955920531e+00 +2.2241e+00 -8.9073e-01
213 0 +8.510104280e-01 -5.448989572e+00 -5.448989572e+00 +2.2059e+00 -9.3142e-01
214 0 +6.660511465e-01 -5.633948853e+00 -5.633948853e+00 +2.1404e+00 -9.6496e-01
219 0 +6.427554522e-01 -5.657244548e+00 -5.657244548e+00 +2.0649e+00 -9.6440e-01
221 0 +6.238048835e-01 -5.676195116e+00 -5.676195116e+00 +2.1402e+00 -9.5135e-01
223 0 +6.046732400e-01 -5.695326760e+00 -5.695326760e+00 +2.1215e+00 -9.6142e-01
225 0 +5.947000126e-01 -5.705299987e+00 -5.705299987e+00 +2.0979e+00 -9.6039e-01
% f evaluations | g evaluations | best noise-free fitness - Fopt (-1.367600000000e+02) + sum g_i+ | measured fitness | best measured fitness or single-digit g-values | x1 | x2...
1 0 +5.521515401e+03 +5.384755401e+03 +5.384755401e+03 +0.0000e+00 +0.0000e+00
2 0 +5.520930718e+03 +5.384170718e+03 +5.384170718e+03 +2.5000e-04 +0.0000e+00
11 0 +5.487403541e+03 +5.350643541e+03 +5.350643541e+03 +2.8594e-03 -2.9375e-03
17 0 +5.336431870e+03 +5.199671870e+03 +5.199671870e+03 +1.3623e-02 -1.6555e-02
19 0 +5.215930405e+03 +5.079170405e+03 +5.079170405e+03 +2.3616e-02 -2.7246e-02
21 0 +5.001130085e+03 +4.864370085e+03 +4.864370085e+03 +3.9304e-02 -4.7232e-02
22 0 +4.884612035e+03 +4.747852035e+03 +4.747852035e+03 +4.9297e-02 -5.7924e-02
23 0 +4.666340696e+03 +4.529580696e+03 +4.529580696e+03 +6.7135e-02 -7.8608e-02
24 0 +4.463414257e+03 +4.326654257e+03 +4.326654257e+03 +8.2823e-02 -9.8595e-02
25 0 +4.108968682e+03 +3.972208682e+03 +3.972208682e+03 +1.1243e-01 -1.3427e-01
26 0 +3.805397909e+03 +3.668637909e+03 +3.668637909e+03 +1.4026e-01 -1.6565e-01
27 0 +3.266252947e+03 +3.129492947e+03 +3.129492947e+03 +1.9073e-01 -2.2485e-01
28 0 +2.798465867e+03 +2.661705867e+03 +2.661705867e+03 +2.3602e-01 -2.8051e-01
29 0 +2.036441554e+03 +1.899681554e+03 +1.899681554e+03 +3.2047e-01 -3.8146e-01
30 0 +1.454738089e+03 +1.317978089e+03 +1.317978089e+03 +3.9877e-01 -4.7205e-01
31 0 +6.425326134e+02 +5.057726134e+02 +5.057726134e+02 +5.4195e-01 -6.4093e-01
32 0 +1.802017719e+02 +4.344177192e+01 +4.344177192e+01 +6.7168e-01 -7.9755e-01
33 0 +5.511202320e+00 -1.312487977e+02 -1.312487977e+02 +9.1216e-01 -1.0839e+00
34 0 +4.444123252e+00 -1.323158767e+02 -1.323158767e+02 +1.1336e+00 -1.3434e+00
37 0 +4.284486480e+00 -1.324755135e+02 -1.324755135e+02 +1.2634e+00 -1.5000e+00
39 0 +1.924307919e+00 -1.348356921e+02 -1.348356921e+02 +1.0553e+00 -1.2528e+00
47 0 +1.823770304e+00 -1.349362297e+02 -1.349362297e+02 +1.0169e+00 -1.2088e+00
50 0 +1.685049642e+00 -1.350749504e+02 -1.350749504e+02 +1.0354e+00 -1.2295e+00
164 0 +1.618537483e+00 -1.351414625e+02 -1.351414625e+02 +2.2228e+00 -6.0885e-01
165 0 +1.428636791e+00 -1.353313632e+02 -1.353313632e+02 +2.1179e+00 -6.3258e-01
166 0 +1.123625236e+00 -1.356363748e+02 -1.356363748e+02 +2.1055e+00 -6.4519e-01
183 0 +1.120700498e+00 -1.356392995e+02 -1.356392995e+02 +2.1047e+00 -6.4424e-01
351 0 +6.380926638e-01 -1.361219073e+02 -1.361219073e+02 +2.2623e+00 -2.0773e+00
353 0 +2.966146852e-01 -1.364633853e+02 -1.364633853e+02 +2.1647e+00 -2.1186e+00
356 0 +2.561505338e-01 -1.365038495e+02 -1.365038495e+02 +2.1627e+00 -2.0640e+00
357 0 +6.185745801e-02 -1.366981425e+02 -1.366981425e+02 +2.0652e+00 -2.1053e+00
360 0 +3.743905893e-02 -1.367225609e+02 -1.367225609e+02 +2.1393e+00 -2.1016e+00
364 0 +9.663271244e-03 -1.367503367e+02 -1.367503367e+02 +2.0854e+00 -2.1089e+00
368 0 +6.310786095e-03 -1.367536892e+02 -1.367536892e+02 +2.1141e+00 -2.1066e+00
369 0 +2.415830442e-03 -1.367575842e+02 -1.367575842e+02 +2.1073e+00 -2.1012e+00
372 0 +1.166432010e-03 -1.367588336e+02 -1.367588336e+02 +2.0981e+00 -2.1064e+00
374 0 +7.054867132e-04 -1.367592945e+02 -1.367592945e+02 +2.1084e+00 -2.1052e+00
376 0 +3.824327780e-04 -1.367596176e+02 -1.367596176e+02 +2.1053e+00 -2.1035e+00
378 0 +1.470641359e-04 -1.367598529e+02 -1.367598529e+02 +2.1024e+00 -2.1054e+00
380 0 +6.319446223e-05 -1.367599368e+02 -1.367599368e+02 +2.1061e+00 -2.1048e+00
384 0 +2.304501945e-05 -1.367599770e+02 -1.367599770e+02 +2.1039e+00 -2.1050e+00
386 0 +1.313256777e-05 -1.367599869e+02 -1.367599869e+02 +2.1049e+00 -2.1046e+00
388 0 +5.669722299e-06 -1.367599943e+02 -1.367599943e+02 +2.1053e+00 -2.1048e+00
390 0 +4.798635359e-06 -1.367599952e+02 -1.367599952e+02 +2.1045e+00 -2.1048e+00
392 0 +2.439770213e-06 -1.367599976e+02 -1.367599976e+02 +2.1049e+00 -2.1049e+00
394 0 +8.094999089e-07 -1.367599992e+02 -1.367599992e+02 +2.1050e+00 -2.1048e+00
396 0 +4.033986727e-07 -1.367599996e+02 -1.367599996e+02 +2.1047e+00 -2.1049e+00
398 0 +2.336776959e-07 -1.367599998e+02 -1.367599998e+02 +2.1048e+00 -2.1048e+00
400 0 +4.909324502e-08 -1.367600000e+02 -1.367600000e+02 +2.1049e+00 -2.1048e+00
% f evaluations | g evaluations | best noise-free fitness - Fopt (3.667500000000e+02) + sum g_i+ | measured fitness | best measured fitness or single-digit g-values | x1 | x2...
1 0 +5.521515401e+03 +5.888265401e+03 +5.888265401e+03 +0.0000e+00 +0.0000e+00
4 0 +5.519761669e+03 +5.886511669e+03 +5.886511669e+03 +2.5000e-04 -2.5000e-04
11 0 +5.494838324e+03 +5.861588324e+03 +5.861588324e+03 +3.2813e-04 -2.9375e-03
18 0 +5.342417181e+03 +5.709167181e+03 +5.709167181e+03 +3.0371e-03 -2.0070e-02
20 0 +5.216385179e+03 +5.583135179e+03 +5.583135179e+03 +5.8545e-03 -3.4566e-02
21 0 +5.107224671e+03 +5.473974671e+03 +5.473974671e+03 +8.1782e-03 -4.7232e-02
23 0 +4.837060677e+03 +5.203810677e+03 +5.203810677e+03 +1.1724e-02 -7.8608e-02
24 0 +4.673216089e+03 +5.039966089e+03 +5.039966089e+03 +1.6022e-02 -9.8595e-02
25 0 +4.384412141e+03 +4.751162141e+03 +4.751162141e+03 +2.2093e-02 -1.3427e-01
26 0 +4.134237998e+03 +4.500987998e+03 +4.500987998e+03 +2.5639e-02 -1.6565e-01
27 0 +3.685312372e+03 +4.052062372e+03 +4.052062372e+03 +3.4369e-02 -2.2485e-01
28 0 +3.289482205e+03 +3.656232205e+03 +3.656232205e+03 +4.4739e-02 -2.8051e-01
29 0 +2.622213329e+03 +2.988963329e+03 +2.988963329e+03 +6.1246e-02 -3.8146e-01
30 0 +2.082448404e+03 +2.449198404e+03 +2.449198404e+03 +7.3523e-02 -4.7205e-01
31 0 +1.249458294e+03 +1.616208294e+03 +1.616208294e+03 +9.9237e-02 -6.4093e-01
32 0 +6.752601886e+02 +1.042010189e+03 +1.042010189e+03 +1.2611e-01 -7.9755e-01
33 0 +7.353880350e+01 +4.402888035e+02 +4.402888035e+02 +1.7199e-01 -1.0839e+00
34 0 +6.305596335e+00 +3.730555963e+02 +3.730555963e+02 +2.0998e-01 -1.3434e+00
35 0 +3.902585510e+00 +3.706525855e+02 +3.706525855e+02 +2.8434e-01 -1.8243e+00
38 0 +2.917701984e+00 +3.696677020e+02 +3.696677020e+02 +2.4635e-01 -1.5648e+00
51 0 +2.880510187e+00 +3.696305102e+02 +3.696305102e+02 +2.4234e-01 -1.5349e+00
77 0 +2.814683830e+00 +3.695646838e+02 +3.695646838e+02 +2.3118e-01 -1.5522e+00
82 0 +2.747120982e+00 +3.694971210e+02 +3.694971210e+02 +2.0596e-01 -1.5499e+00
84 0 +2.676026144e+00 +3.694260261e+02 +3.694260261e+02 +1.9269e-01 -1.5390e+00
87 0 +2.586184311e+00 +3.693361843e+02 +3.693361843e+02 +1.3448e-01 -1.5294e+00
93 0 +2.568819957e+00 +3.693188200e+02 +3.693188200e+02 +1.2122e-01 -1.5184e+00
170 0 +2.260117245e+00 +3.690101172e+02 +3.690101172e+02 +7.0115e-02 -2.6772e+00
173 0 +2.065504134e+00 +3.688155041e+02 +3.688155041e+02 +6.9895e-02 -2.6423e+00
213 0 +2.037328556e+00 +3.687873286e+02 +3.687873286e+02 +7.8581e-02 -2.6510e+00
219 0 +1.991474803e+00 +3.687414748e+02 +3.687414748e+02 +1.1010e-01 -2.6637e+00
370 0 +1.693341197e+00 +3.684433412e+02 +3.684433412e+02 -1.9413e+00 -1.0465e+00
378 0 +1.568092462e+00 +3.683180925e+02 +3.683180925e+02 -2.1102e+00 -8.9455e-01
379 0 +7.943941555e-01 +3.675443942e+02 +3.675443942e+02 -2.1880e+00 -9.5080e-01
382 0 +7.003252601e-01 +3.674503253e+02 +3.674503253e+02 -2.0452e+00 -9.8460e-01
386 0 +6.132974821e-01 +3.673632975e+02 +3.673632975e+02 -2.1337e+00 -9.5433e-01
392 0 +5.989038041e-01 +3.673489038e+02 +3.673489038e+02 -2.1045e+00 -9.5584e-01
% f evaluations | g evaluations | best noise-free fitness - Fopt (-2.486900000000e+02) + sum g_i+ | measured fitness | best measured fitness or single-digit g-values | x1 | x2...
1 0 +5.521515401e+03 +5.272825401e+03 +5.272825401e+03 +0.0000e+00 +0.0000e+00
2 0 +5.520930718e+03 +5.272240718e+03 +5.272240718e+03 +2.5000e-04 +0.0000e+00
11 0 +5.487403541e+03 +5.238713541e+03 +5.238713541e+03 +2.8594e-03 -2.9375e-03
17 0 +5.336431870e+03 +5.087741870e+03 +5.087741870e+03 +1.3623e-02 -1.6555e-02
19 0 +5.215930405e+03 +4.967240405e+03 +4.967240405e+03 +2.3616e-02 -2.7246e-02
21 0 +5.001130085e+03 +4.752440085e+03 +4.752440085e+03 +3.9304e-02 -4.7232e-02
22 0 +4.884612035e+03 +4.635922035e+03 +4.635922035e+03 +4.9297e-02 -5.7924e-02
23 0 +4.666340696e+03 +4.417650696e+03 +4.417650696e+03 +6.7135e-02 -7.8608e-02
24 0 +4.463414257e+03 +4.214724257e+03 +4.214724257e+03 +8.2823e-02 -9.8595e-02
25 0 +4.108968682e+03 +3.860278682e+03 +3.860278682e+03 +1.1243e-01 -1.3427e-01
26 0 +3.805397909e+03 +3.556707909e+03 +3.556707909e+03 +1.4026e-01 -1.6565e-01
27 0 +3.266252947e+03 +3.017562947e+03 +3.017562947e+03 +1.9073e-01 -2.2485e-01
28 0 +2.798465867e+03 +2.549775867e+03 +2.549775867e+03 +2.3602e-01 -2.8051e-01
29 0 +2.036441554e+03 +1.787751554e+03 +1.787751554e+03 +3.2047e-01 -3.8146e-01
30 0 +1.454738089e+03 +1.206048089e+03 +1.206048089e+03 +3.9877e-01 -4.7205e-01
31 0 +6.425326134e+02 +3.938426134e+02 +3.938426134e+02 +5.4195e-01 -6.4093e-01
32 0 +1.802017719e+02 -6.848822808e+01 -6.848822808e+01 +6.7168e-01 -7.9755e-01
33 0 +5.511202320e+00 -2.431787977e+02 -2.431787977e+02 +9.1216e-01 -1.0839e+00
34 0 +4.444123252e+00 -2.442458767e+02 -2.442458767e+02 +1.1336e+00 -1.3434e+00
37 0 +4.284486480e+00 -2.444055135e+02 -2.444055135e+02 +1.2634e+00 -1.5000e+00
39 0 +1.924307919e+00 -2.467656921e+02 -2.467656921e+02 +1.0553e+00 -1.2528e+00
47 0 +1.823770304e+00 -2.468662297e+02 -2.468662297e+02 +1.0169e+00 -1.2088e+00
50 0 +1.685049642e+00 -2.470049504e+02 -2.470049504e+02 +1.0354e+00 -1.2295e+00
135 0 +1.600829280e+00 -2.470891707e+02 -2.470891707e+02 +8.7473e-01 -2.4253e+00
136 0 +1.418260129e+00 -2.472717399e+02 -2.472717399e+02 +9.0242e-01 -2.3985e+00
137 0 +1.259858510e+00 -2.474301415e+02 -2.474301415e+02 +9.4427e-01 -2.3829e+00
138 0 +1.215611039e+00 -2.474743890e+02 -2.474743890e+02 +9.7256e-01 -2.4052e+00
140 0 +1.114206256e+00 -2.475757937e+02 -2.475757937e+02 +1.0421e+00 -2.3628e+00
147 0 +1.093703169e+00 -2.475962968e+02 -2.475962968e+02 +1.0367e+00 -2.3723e+00
335 0 +9.623340903e-01 -2.477276659e+02 -2.477276659e+02 +2.1497e+00 -9.8612e-01
337 0 +6.760975989e-01 -2.480139024e+02 -2.480139024e+02 +2.1160e+00 -9.4023e-01
339 0 +6.644615897e-01 -2.480255384e+02 -2.480255384e+02 +2.1292e+00 -9.3976e-01
341 0 +6.420122595e-01 -2.480479877e+02 -2.480479877e+02 +2.1361e+00 -9.6306e-01
343 0 +6.281924231e-01 -2.480618076e+02 -2.480618076e+02 +2.1243e+00 -9.4582e-01
347 0 +6.103327764e-01 -2.480796672e+02 -2.480796672e+02 +2.1316e+00 -9.5476e-01
353 0 +6.015105877e-01 -2.480884894e+02 -2.480884894e+02 +2.1233e+00 -9.5459e-01
% f evaluations | g evaluations | best noise-free fitness - Fopt (-6.786000000000e+01) + sum g_i+ | measured fitness | best measured fitness or single-digit g-values | x1 | x2...
1 0 +5.521515401e+03 +5.453655401e+03 +5.453655401e+03 +0.0000e+00 +0.0000e+00
3 0 +5.519177083e+03 +5.451317083e+03 +5.451317083e+03 +0.0000e+00 +2.5000e-04
11 0 +5.487949812e+03 +5.420089812e+03 +5.420089812e+03 -2.9375e-03 +2.8594e-03
17 0 +5.356654748e+03 +5.288794748e+03 +5.288794748e+03 -1.6555e-02 +1.3623e-02
19 0 +5.240684480e+03 +5.172824480e+03 +5.172824480e+03 -2.7246e-02 +2.3616e-02
21 0 +5.054131595e+03 +4.986271595e+03 +4.986271595e+03 -4.7232e-02 +3.9304e-02
22 0 +4.941613933e+03 +4.873753933e+03 +4.873753933e+03 -5.7924e-02 +4.9297e-02
23 0 +4.740515084e+03 +4.672655084e+03 +4.672655084e+03 -7.8608e-02 +6.7135e-02
24 0 +4.563302633e+03 +4.495442633e+03 +4.495442633e+03 -9.8595e-02 +8.2823e-02
25 0 +4.242118634e+03 +4.174258634e+03 +4.174258634e+03 -1.3427e-01 +1.1243e-01
26 0 +3.954772771e+03 +3.886912771e+03 +3.886912771e+03 -1.6565e-01 +1.4026e-01
27 0 +3.453751142e+03 +3.385891142e+03 +3.385891142e+03 -2.2485e-01 +1.9073e-01
28 0 +3.027009479e+03 +2.959149479e+03 +2.959149479e+03 -2.8051e-01 +2.3602e-01
29 0 +2.307988150e+03 +2.240128150e+03 +2.240128150e+03 -3.8146e-01 +3.2047e-01
30 0 +1.732481003e+03 +1.664621003e+03 +1.664621003e+03 -4.7205e-01 +3.9877e-01
31 0 +8.985901291e+02 +8.307301291e+02 +8.307301291e+02 -6.4093e-01 +5.4195e-01
32 0 +3.765253829e+02 +3.086653829e+02 +3.086653829e+02 -7.9755e-01 +6.7168e-01
33 0 +2.668980581e+00 -6.519101942e+01 -6.519101942e+01 -1.0839e+00 +9.1216e-01
53 0 +2.277606998e+00 -6.558239300e+01 -6.558239300e+01 -1.0721e+00 +9.0258e-01
92 0 +2.229064464e+00 -6.563093554e+01 -6.563093554e+01 -1.0486e+00 +9.0895e-01
161 0 +2.148347787e+00 -6.571165221e+01 -6.571165221e+01 +2.4883e+00 +2.0784e+00
162 0 +1.949344635e+00 -6.591065537e+01 -6.591065537e+01 +2.5105e+00 +2.0841e+00
166 0 +1.774156187e+00 -6.608584381e+01 -6.608584381e+01 +2.5222e+00 +2.1070e+00
170 0 +1.727079613e+00 -6.613292039e+01 -6.613292039e+01 +2.5103e+00 +2.1213e+00
410 0 +1.696790916e+00 -6.616320908e+01 -6.616320908e+01 +1.3833e+00 +1.8544e+00
421 0 +1.571406571e+00 -6.628859343e+01 -6.628859343e+01 +1.4181e+00 +1.8678e+00
423 0 +1.461401570e+00 -6.639859843e+01 -6.639859843e+01 +1.4070e+00 +1.8337e+00
424 0 +1.308572661e+00 -6.655142734e+01 -6.655142734e+01 +1.4418e+00 +1.8472e+00
425 0 +1.260271250e+00 -6.659972875e+01 -6.659972875e+01 +1.4711e+00 +1.8435e+00
428 0 +1.196309567e+00 -6.666369043e+01 -6.666369043e+01 +1.4927e+00 +1.8630e+00
% f evaluations | g evaluations | best noise-free fitness - Fopt (-2.329000000000e+01) + sum g_i+ | measured fitness | best measured fitness or single-digit g-values | x1 | x2...
1 0 +5.521515401e+03 +5.498225401e+03 +5.498225401e+03 +0.0000e+00 +0.0000e+00
2 0 +5.520930718e+03 +5.497640718e+03 +5.497640718e+03 +2.5000e-04 +0.0000e+00
11 0 +5.494036335e+03 +5.470746335e+03 +5.470746335e+03 +3.2813e-04 +2.8594e-03
18 0 +5.354083818e+03 +5.330793818e+03 +5.330793818e+03 +3.0371e-03 +1.7283e-02
20 0 +5.240718997e+03 +5.217428997e+03 +5.217428997e+03 +5.8545e-03 +2.8962e-02
22 0 +5.050515180e+03 +5.027225180e+03 +5.027225180e+03 +8.8765e-03 +4.9297e-02
23 0 +4.886204847e+03 +4.862914847e+03 +4.862914847e+03 +1.1724e-02 +6.7135e-02
24 0 +4.740083283e+03 +4.716793283e+03 +4.716793283e+03 +1.6022e-02 +8.2823e-02
25 0 +4.474681606e+03 +4.451391606e+03 +4.451391606e+03 +2.2093e-02 +1.1243e-01
26 0 +4.236470683e+03 +4.213180683e+03 +4.213180683e+03 +2.5639e-02 +1.4026e-01
27 0 +3.816037155e+03 +3.792747155e+03 +3.792747155e+03 +3.4369e-02 +1.9073e-01
28 0 +3.451883162e+03 +3.428593162e+03 +3.428593162e+03 +4.4739e-02 +2.3602e-01
29 0 +2.823816197e+03 +2.800526197e+03 +2.800526197e+03 +6.1246e-02 +3.2047e-01
30 0 +2.300199498e+03 +2.276909498e+03 +2.276909498e+03 +7.3523e-02 +3.9877e-01
31 0 +1.479118837e+03 +1.455828837e+03 +1.455828837e+03 +9.9237e-02 +5.4195e-01
32 0 +8.942572374e+02 +8.709672374e+02 +8.709672374e+02 +1.2611e-01 +6.7168e-01
33 0 +1.978294522e+02 +1.745394522e+02 +1.745394522e+02 +1.7199e-01 +9.1216e-01
34 0 +3.635545925e+00 -1.965445407e+01 -1.965445407e+01 +2.0998e-01 +1.1336e+00
37 0 +3.573894371e+00 -1.971610563e+01 -1.971610563e+01 +3.2072e-01 +1.7253e+00
43 0 +2.482699584e+00 -2.080730042e+01 -2.080730042e+01 +2.6535e-01 +1.4295e+00
89 0 +2.450168228e+00 -2.083983177e+01 -2.083983177e+01 +2.7210e-01 +1.4234e+00
98 0 +2.383943985e+00 -2.090605601e+01 -2.090605601e+01 +3.1491e-01 +1.4149e+00
160 0 +9.198245878e-01 -2.237017541e+01 -2.237017541e+01 +2.0851e+00 +2.1717e+00
175 0 +1.580602764e-01 -2.313193972e+01 -2.313193972e+01 +2.1125e+00 +2.0778e+00
178 0 +8.804346859e-02 -2.320195653e+01 -2.320195653e+01 +2.0838e+00 +2.1276e+00
181 0 +3.935904932e-03 -2.328606410e+01 -2.328606410e+01 +2.1132e+00 +2.0998e+00
190 0 +1.898742882e-03 -2.328810126e+01 -2.328810126e+01 +2.0996e+00 +2.1040e+00
192 0 +1.709419085e-04 -2.328982906e+01 -2.328982906e+01 +2.1033e+00 +2.1059e+00
200 0 +6.326522586e-05 -2.328993673e+01 -2.328993673e+01 +2.1033e+00 +2.1051e+00
202 0 +1.221000312e-05 -2.328998779e+01 -2.328998779e+01 +2.1049e+00 +2.1046e+00
207 0 +7.246035633e-06 -2.328999275e+01 -2.328999275e+01 +2.1044e+00 +2.1051e+00
209 0 +1.472297843e-06 -2.328999853e+01 -2.328999853e+01 +2.1050e+00 +2.1049e+00
211 0 +1.180973030e-06 -2.328999882e+01 -2.328999882e+01 +2.1048e+00 +2.1048e+00
215 0 +1.709462225e-07 -2.328999983e+01 -2.328999983e+01 +2.1049e+00 +2.1049e+00
219 0 +1.635920839e-07 -2.328999984e+01 -2.328999984e+01 +2.1048e+00 +2.1048e+00
% f evaluations | g evaluations | best noise-free fitness - Fopt (-1.028000000000e+01) + sum g_i+ | measured fitness | best measured fitness or single-digit g-values | x1 | x2...
1 0 +5.521515401e+03 +5.511235401e+03 +5.511235401e+03 +0.0000e+00 +0.0000e+00
2 0 +5.520930718e+03 +5.510650718e+03 +5.510650718e+03 +2.5000e-04 +0.0000e+00
11 0 +5.494036335e+03 +5.483756335e+03 +5.483756335e+03 +3.2813e-04 +2.8594e-03
18 0 +5.354083818e+03 +5.343803818e+03 +5.343803818e+03 +3.0371e-03 +1.7283e-02
20 0 +5.240718997e+03 +5.230438997e+03 +5.230438997e+03 +5.8545e-03 +2.8962e-02
22 0 +5.050515180e+03 +5.040235180e+03 +5.040235180e+03 +8.8765e-03 +4.9297e-02
23 0 +4.886204847e+03 +4.875924847e+03 +4.875924847e+03 +1.1724e-02 +6.7135e-02
24 0 +4.740083283e+03 +4.729803283e+03 +4.729803283e+03 +1.6022e-02 +8.2823e-02
25 0 +4.474681606e+03 +4.464401606e+03 +4.464401606e+03 +2.2093e-02 +1.1243e-01
26 0 +4.236470683e+03 +4.226190683e+03 +4.226190683e+03 +2.5639e-02 +1.4026e-01
27 0 +3.816037155e+03 +3.805757155e+03 +3.805757155e+03 +3.4369e-02 +1.9073e-01
28 0 +3.451883162e+03 +3.441603162e+03 +3.441603162e+03 +4.4739e-02 +2.3602e-01
29 0 +2.823816197e+03 +2.813536197e+03 +2.813536197e+03 +6.1246e-02 +3.2047e-01
30 0 +2.300199498e+03 +2.289919498e+03 +2.289919498e+03 +7.3523e-02 +3.9877e-01
31 0 +1.479118837e+03 +1.468838837e+03 +1.468838837e+03 +9.9237e-02 +5.4195e-01
32 0 +8.942572374e+02 +8.839772374e+02 +8.839772374e+02 +1.2611e-01 +6.7168e-01
33 0 +1.978294522e+02 +1.875494522e+02 +1.875494522e+02 +1.7199e-01 +9.1216e-01
34 0 +3.635545925e+00 -6.644454075e+00 -6.644454075e+00 +2.0998e-01 +1.1336e+00
37 0 +3.573894371e+00 -6.706105629e+00 -6.706105629e+00 +3.2072e-01 +1.7253e+00
43 0 +2.482699584e+00 -7.797300416e+00 -7.797300416e+00 +2.6535e-01 +1.4295e+00
89 0 +2.450168228e+00 -7.829831772e+00 -7.829831772e+00 +2.7210e-01 +1.4234e+00
98 0 +2.383943985e+00 -7.896056015e+00 -7.896056015e+00 +3.1491e-01 +1.4149e+00
235 0 +2.228471036e+00 -8.051528964e+00 -8.051528964e+00 -1.5321e+00 +2.1270e+00
247 0 +1.208583821e+00 -9.071416179e+00 -9.071416179e+00 -1.5102e+00 +1.8549e+00
263 0 +1.196605840e+00 -9.083394160e+00 -9.083394160e+00 -1.4911e+00 +1.8614e+00
354 0 +1.152948954e+00 -9.127051046e+00 -9.127051046e+00 +2.0945e+00 +6.4977e-01
358 0 +1.144910833e+00 -9.135089167e+00 -9.135089167e+00 +2.0847e+00 +6.4762e-01
366 0 +1.120780113e+00 -9.159219887e+00 -9.159219887e+00 +2.1086e+00 +6.4344e-01
% f evaluations | g evaluations | best noise-free fitness - Fopt (1.799700000000e+02) + sum g_i+ | measured fitness | best measured fitness or single-digit g-values | x1 | x2...
1 0 +5.521515401e+03 +5.701485401e+03 +5.701485401e+03 +0.0000e+00 +0.0000e+00
3 0 +5.519177083e+03 +5.699147083e+03 +5.699147083e+03 +0.0000e+00 +2.5000e-04
11 0 +5.487949812e+03 +5.667919812e+03 +5.667919812e+03 -2.9375e-03 +2.8594e-03
17 0 +5.356654748e+03 +5.536624748e+03 +5.536624748e+03 -1.6555e-02 +1.3623e-02
19 0 +5.240684480e+03 +5.420654480e+03 +5.420654480e+03 -2.7246e-02 +2.3616e-02
21 0 +5.054131595e+03 +5.234101595e+03 +5.234101595e+03 -4.7232e-02 +3.9304e-02
22 0 +4.941613933e+03 +5.121583933e+03 +5.121583933e+03 -5.7924e-02 +4.9297e-02
23 0 +4.740515084e+03 +4.920485084e+03 +4.920485084e+03 -7.8608e-02 +6.7135e-02
24 0 +4.563302633e+03 +4.743272633e+03 +4.743272633e+03 -9.8595e-02 +8.2823e-02
25 0 +4.242118634e+03 +4.422088634e+03 +4.422088634e+03 -1.3427e-01 +1.1243e-01
26 0 +3.954772771e+03 +4.134742771e+03 +4.134742771e+03 -1.6565e-01 +1.4026e-01
27 0 +3.453751142e+03 +3.633721142e+03 +3.633721142e+03 -2.2485e-01 +1.9073e-01
28 0 +3.027009479e+03 +3.206979479e+03 +3.206979479e+03 -2.8051e-01 +2.3602e-01
29 0 +2.307988150e+03 +2.487958150e+03 +2.487958150e+03 -3.8146e-01 +3.2047e-01
30 0 +1.732481003e+03 +1.912451003e+03 +1.912451003e+03 -4.7205e-01 +3.9877e-01
31 0 +8.985901291e+02 +1.078560129e+03 +1.078560129e+03 -6.4093e-01 +5.4195e-01
32 0 +3.765253829e+02 +5.564953829e+02 +5.564953829e+02 -7.9755e-01 +6.7168e-01
33 0 +2.668980581e+00 +1.826389806e+02 +1.826389806e+02 -1.0839e+00 +9.1216e-01
53 0 +2.277606998e+00 +1.822476070e+02 +1.822476070e+02 -1.0721e+00 +9.0258e-01
92 0 +2.229064464e+00 +1.821990645e+02 +1.821990645e+02 -1.0486e+00 +9.0895e-01
286 0 +9.862896176e-01 +1.809562896e+02 +1.809562896e+02 -2.0326e+00 +1.0120e+00
296 0 +8.316750382e-01 +1.808016750e+02 +1.808016750e+02 -2.1868e+00 +9.2364e-01
298 0 +7.314696966e-01 +1.807014697e+02 +1.807014697e+02 -2.1028e+00 +9.3789e-01
300 0 +6.092066923e-01 +1.805792067e+02 +1.805792067e+02 -2.0887e+00 +9.7137e-01
307 0 +6.005454580e-01 +1.805705455e+02 +1.805705455e+02 -2.0907e+00 +9.6083e-01
% f evaluations | g evaluations | best noise-free fitness - Fopt (8.376000000000e+01) + sum g_i+ | measured fitness | best measured fitness or single-digit g-values | x1 | x2...
1 0 +5.521515401e+03 +5.605275401e+03 +5.605275401e+03 +0.0000e+00 +0.0000e+00
3 0 +5.519177083e+03 +5.602937083e+03 +5.602937083e+03 +0.0000e+00 +2.5000e-04
11 0 +5.487949812e+03 +5.571709812e+03 +5.571709812e+03 -2.9375e-03 +2.8594e-03
17 0 +5.356654748e+03 +5.440414748e+03 +5.440414748e+03 -1.6555e-02 +1.3623e-02
19 0 +5.240684480e+03 +5.324444480e+03 +5.324444480e+03 -2.7246e-02 +2.3616e-02
21 0 +5.054131595e+03 +5.137891595e+03 +5.137891595e+03 -4.7232e-02 +3.9304e-02
22 0 +4.941613933e+03 +5.025373933e+03 +5.025373933e+03 -5.7924e-02 +4.9297e-02
23 0 +4.740515084e+03 +4.824275084e+03 +4.824275084e+03 -7.8608e-02 +6.7135e-02
24 0 +4.563302633e+03 +4.647062633e+03 +4.647062633e+03 -9.8595e-02 +8.2823e-02
25 0 +4.242118634e+03 +4.325878634e+03 +4.325878634e+03 -1.3427e-01 +1.1243e-01
26 0 +3.954772771e+03 +4.038532771e+03 +4.038532771e+03 -1.6565e-01 +1.4026e-01
27 0 +3.453751142e+03 +3.537511142e+03 +3.537511142e+03 -2.2485e-01 +1.9073e-01
28 0 +3.027009479e+03 +3.110769479e+03 +3.110769479e+03 -2.8051e-01 +2.3602e-01
29 0 +2.307988150e+03 +2.391748150e+03 +2.391748150e+03 -3.8146e-01 +3.2047e-01
30 0 +1.732481003e+03 +1.816241003e+03 +1.816241003e+03 -4.7205e-01 +3.9877e-01
31 0 +8.985901291e+02 +9.823501291e+02 +9.823501291e+02 -6.4093e-01 +5.4195e-01
32 0 +3.765253829e+02 +4.602853829e+02 +4.602853829e+02 -7.9755e-01 +6.7168e-01
33 0 +2.668980581e+00 +8.642898058e+01 +8.642898058e+01 -1.0839e+00 +9.1216e-01
53 0 +2.277606998e+00 +8.603760700e+01 +8.603760700e+01 -1.0721e+00 +9.0258e-01
92 0 +2.229064464e+00 +8.598906446e+01 +8.598906446e+01 -1.0486e+00 +9.0895e-01
162 0 +2.166786504e+00 +8.592678650e+01 +8.592678650e+01 +1.4531e+00 +2.1266e+00
165 0 +2.100707059e+00 +8.586070706e+01 +8.586070706e+01 +1.5069e+00 +2.1345e+00
168 0 +2.078624445e+00 +8.583862444e+01 +8.583862444e+01 +1.5203e+00 +2.1523e+00
225 0 +1.781324789e+00 +8.554132479e+01 +8.554132479e+01 +2.4469e+00 +3.2475e+00
227 0 +1.724955861e+00 +8.548495586e+01 +8.548495586e+01 +2.5395e+00 +3.3021e+00
232 0 +1.255046304e+00 +8.501504630e+01 +8.501504630e+01 +2.5230e+00 +3.2813e+00
237 0 +1.197788448e+00 +8.495778845e+01 +8.495778845e+01 +2.5233e+00 +3.2739e+00
241 0 +1.144334307e+00 +8.490433431e+01 +8.490433431e+01 +2.5066e+00 +3.2624e+00
254 0 +1.120582019e+00 +8.488058202e+01 +8.488058202e+01 +2.5139e+00 +3.2598e+00
411 0 +9.913683502e-01 +8.475136835e+01 +8.475136835e+01 -2.1505e+00 +9.1200e-01
413 0 +9.352751269e-01 +8.469527513e+01 +8.469527513e+01 -2.0747e+00 +9.3245e-01
416 0 +6.274034694e-01 +8.438740347e+01 +8.438740347e+01 -2.1117e+00 +9.7083e-01
421 0 +6.105474658e-01 +8.437054747e+01 +8.437054747e+01 -2.1215e+00 +9.5005e-01
423 0 +5.999431743e-01 +8.435994317e+01 +8.435994317e+01 -2.0954e+00 +9.5859e-01
% f evaluations | g evaluations | best noise-free fitness - Fopt (-3.890100000000e+02) + sum g_i+ | measured fitness | best measured fitness or single-digit g-values | x1 | x2...
1 0 +5.521515401e+03 +5.132505401e+03 +5.132505401e+03 +0.0000e+00 +0.0000e+00
4 0 +5.519761669e+03 +5.130751669e+03 +5.130751669e+03 +2.5000e-04 -2.5000e-04
11 0 +5.494838324e+03 +5.105828324e+03 +5.105828324e+03 +3.2813e-04 -2.9375e-03
18 0 +5.342417181e+03 +4.953407181e+03 +4.953407181e+03 +3.0371e-03 -2.0070e-02
20 0 +5.216385179e+03 +4.827375179e+03 +4.827375179e+03 +5.8545e-03 -3.4566e-02
21 0 +5.107224671e+03 +4.718214671e+03 +4.718214671e+03 +8.1782e-03 -4.7232e-02
23 0 +4.837060677e+03 +4.448050677e+03 +4.448050677e+03 +1.1724e-02 -7.8608e-02
24 0 +4.673216089e+03 +4.284206089e+03 +4.284206089e+03 +1.6022e-02 -9.8595e-02
25 0 +4.384412141e+03 +3.995402141e+03 +3.995402141e+03 +2.2093e-02 -1.3427e-01
26 0 +4.134237998e+03 +3.745227998e+03 +3.745227998e+03 +2.5639e-02 -1.6565e-01
27 0 +3.685312372e+03 +3.296302372e+03 +3.296302372e+03 +3.4369e-02 -2.2485e-01
28 0 +3.289482205e+03 +2.900472205e+03 +2.900472205e+03 +4.4739e-02 -2.8051e-01
29 0 +2.622213329e+03 +2.233203329e+03 +2.233203329e+03 +6.1246e-02 -3.8146e-01
30 0 +2.082448404e+03 +1.693438404e+03 +1.693438404e+03 +7.3523e-02 -4.7205e-01
31 0 +1.249458294e+03 +8.604482935e+02 +8.604482935e+02 +9.9237e-02 -6.4093e-01
32 0 +6.752601886e+02 +2.862501886e+02 +2.862501886e+02 +1.2611e-01 -7.9755e-01
33 0 +7.353880350e+01 -3.154711965e+02 -3.154711965e+02 +1.7199e-01 -1.0839e+00
34 0 +6.305596335e+00 -3.827044037e+02 -3.827044037e+02 +2.0998e-01 -1.3434e+00
35 0 +3.902585510e+00 -3.851074145e+02 -3.851074145e+02 +2.8434e-01 -1.8243e+00
38 0 +2.917701984e+00 -3.860922980e+02 -3.860922980e+02 +2.4635e-01 -1.5648e+00
51 0 +2.880510187e+00 -3.861294898e+02 -3.861294898e+02 +2.4234e-01 -1.5349e+00
77 0 +2.814683830e+00 -3.861953162e+02 -3.861953162e+02 +2.3118e-01 -1.5522e+00
82 0 +2.747120982e+00 -3.862628790e+02 -3.862628790e+02 +2.0596e-01 -1.5499e+00
84 0 +2.676026144e+00 -3.863339739e+02 -3.863339739e+02 +1.9269e-01 -1.5390e+00
87 0 +2.586184311e+00 -3.864238157e+02 -3.864238157e+02 +1.3448e-01 -1.5294e+00
93 0 +2.568819957e+00 -3.864411800e+02 -3.864411800e+02 +1.2122e-01 -1.5184e+00
249 0 +2.482868855e+00 -3.865271311e+02 -3.865271311e+02 -3.9136e-01 -1.3832e+00
253 0 +2.453049499e+00 -3.865569505e+02 -3.865569505e+02 -3.8391e-01 -1.3940e+00
257 0 +2.370177467e+00 -3.866398225e+02 -3.866398225e+02 -3.2841e-01 -1.4072e+00
345 0 +2.266076760e+00 -3.867439232e+02 -3.867439232e+02 -1.1768e+00 -1.1947e+00
346 0 +1.776037668e+00 -3.872339623e+02 -3.872339623e+02 -1.0791e+00 -1.2121e+00
351 0 +1.730056198e+00 -3.872799438e+02 -3.872799438e+02 -9.7460e-01 -1.2466e+00
355 0 +1.682539610e+00 -3.873274604e+02 -3.873274604e+02 -1.0325e+00 -1.2293e+00
434 0 +1.570399604e+00 -3.874396004e+02 -3.874396004e+02 -2.1511e+00 -1.2422e+00
437 0 +1.510708177e+00 -3.874992918e+02 -3.874992918e+02 -2.1004e+00 -1.2322e+00
% f evaluations | g evaluations | best noise-free fitness - Fopt (-1.455800000000e+02) + sum g_i+ | measured fitness | best measured fitness or single-digit g-values | x1 | x2...
1 0 +5.521515401e+03 +5.375935401e+03 +5.375935401e+03 +0.0000e+00 +0.0000e+00
2 0 +5.520930718e+03 +5.375350718e+03 +5.375350718e+03 +2.5000e-04 +0.0000e+00
11 0 +5.487403541e+03 +5.341823541e+03 +5.341823541e+03 +2.8594e-03 -2.9375e-03
17 0 +5.336431870e+03 +5.190851870e+03 +5.190851870e+03 +1.3623e-02 -1.6555e-02
19 0 +5.215930405e+03 +5.070350405e+03 +5.070350405e+03 +2.3616e-02 -2.7246e-02
21 0 +5.001130085e+03 +4.855550085e+03 +4.855550085e+03 +3.9304e-02 -4.7232e-02
22 0 +4.884612035e+03 +4.739032035e+03 +4.739032035e+03 +4.9297e-02 -5.7924e-02
23 0 +4.666340696e+03 +4.520760696e+03 +4.520760696e+03 +6.7135e-02 -7.8608e-02
24 0 +4.463414257e+03 +4.317834257e+03 +4.317834257e+03 +8.2823e-02 -9.8595e-02
25 0 +4.108968682e+03 +3.963388682e+03 +3.963388682e+03 +1.1243e-01 -1.3427e-01
26 0 +3.805397909e+03 +3.659817909e+03 +3.659817909e+03 +1.4026e-01 -1.6565e-01
27 0 +3.266252947e+03 +3.120672947e+03 +3.120672947e+03 +1.9073e-01 -2.2485e-01
28 0 +2.798465867e+03 +2.652885867e+03 +2.652885867e+03 +2.3602e-01 -2.8051e-01
29 0 +2.036441554e+03 +1.890861554e+03 +1.890861554e+03 +3.2047e-01 -3.8146e-01
30 0 +1.454738089e+03 +1.309158089e+03 +1.309158089e+03 +3.9877e-01 -4.7205e-01
31 0 +6.425326134e+02 +4.969526134e+02 +4.969526134e+02 +5.4195e-01 -6.4093e-01
32 0 +1.802017719e+02 +3.462177192e+01 +3.462177192e+01 +6.7168e-01 -7.9755e-01
33 0 +5.511202320e+00 -1.400687977e+02 -1.400687977e+02 +9.1216e-01 -1.0839e+00
34 0 +4.444123252e+00 -1.411358767e+02 -1.411358767e+02 +1.1336e+00 -1.3434e+00
37 0 +4.284486480e+00 -1.412955135e+02 -1.412955135e+02 +1.2634e+00 -1.5000e+00
39 0 +1.924307919e+00 -1.436556921e+02 -1.436556921e+02 +1.0553e+00 -1.2528e+00
47 0 +1.823770304e+00 -1.437562297e+02 -1.437562297e+02 +1.0169e+00 -1.2088e+00
50 0 +1.685049642e+00 -1.438949504e+02 -1.438949504e+02 +1.0354e+00 -1.2295e+00
131 0 +1.450971364e+00 -1.441290286e+02 -1.441290286e+02 -1.4949e+00 -1.8286e+00
135 0 +1.217329349e+00 -1.443626707e+02 -1.443626707e+02 -1.5043e+00 -1.8743e+00
141 0 +1.198542432e+00 -1.443814576e+02 -1.443814576e+02 -1.4974e+00 -1.8557e+00
241 0 +1.165906070e+00 -1.444140939e+02 -1.444140939e+02 +2.1102e+00 -6.3982e-01
244 0 +1.137399215e+00 -1.444426008e+02 -1.444426008e+02 +2.0791e+00 -6.5118e-01
250 0 +1.121953059e+00 -1.444580469e+02 -1.444580469e+02 +2.0973e+00 -6.4617e-01
