% f evaluations | g evaluations | best noise-free fitness - Fopt (-5.465000000000e+02) + sum g_i+ | measured fitness | best measured fitness or single-digit g-values | x1 | x2...
1 0 +5.523931782e+03 +4.977431782e+03 +4.977431782e+03 +0.0000e+00 +0.0000e+00 +0.0000e+00
3 0 +5.523322785e+03 +4.976822785e+03 +4.976822785e+03 +0.0000e+00 +2.5000e-04 +0.0000e+00
15 0 +5.494850227e+03 +4.948350227e+03 +4.948350227e+03 -1.2500e-03 +8.3333e-05 +3.0833e-03
23 0 +5.365287162e+03 +4.818787162e+03 +4.818787162e+03 -6.2500e-03 +2.4167e-03 +1.6417e-02
27 0 +5.160734520e+03 +4.614234520e+03 +4.614234520e+03 -1.4250e-02 +3.5000e-03 +3.8500e-02
28 0 +5.119058258e+03 +4.572558258e+03 +4.572558258e+03 -1.6667e-02 +5.1111e-03 +4.2694e-02
29 0 +4.971707760e+03 +4.425207760e+03 +4.425207760e+03 -2.3000e-02 +7.3333e-03 +5.8583e-02
31 0 +4.695555508e+03 +4.149055508e+03 +4.149055508e+03 -3.5250e-02 +8.7500e-03 +8.9750e-02
32 0 +4.612185779e+03 +4.065685779e+03 +4.065685779e+03 -3.7833e-02 +1.0306e-02 +9.9056e-02
33 0 +4.294980064e+03 +3.748480064e+03 +3.748480064e+03 -5.1500e-02 +1.4083e-02 +1.3583e-01
34 0 +4.165907806e+03 +3.619407806e+03 +3.619407806e+03 -5.8917e-02 +1.6611e-02 +1.5094e-01
35 0 +3.708314431e+03 +3.161814431e+03 +3.161814431e+03 -8.1250e-02 +2.3167e-02 +2.0717e-01
36 0 +3.535148781e+03 +2.988648781e+03 +2.988648781e+03 -8.9000e-02 +2.3333e-02 +2.2992e-01
37 0 +2.906364208e+03 +2.359864208e+03 +2.359864208e+03 -1.2200e-01 +3.1333e-02 +3.1558e-01
38 0 +2.671116994e+03 +2.124616994e+03 +2.124616994e+03 -1.3458e-01 +3.6972e-02 +3.4931e-01
39 0 +1.868000603e+03 +1.321500603e+03 +1.321500603e+03 -1.8425e-01 +5.1083e-02 +4.7908e-01
40 0 +1.582731042e+03 +1.036231042e+03 +1.036231042e+03 -2.0683e-01 +5.6306e-02 +5.3206e-01
41 0 +7.297751987e+02 +1.832751987e+02 +1.832751987e+02 -2.8450e-01 +7.7417e-02 +7.3017e-01
42 0 +4.823375465e+02 -6.416245350e+01 -6.416245350e+01 -3.1258e-01 +8.3389e-02 +8.0939e-01
43 0 +9.288186207e+00 -5.372118138e+02 -5.372118138e+02 -4.2825e-01 +1.1350e-01 +1.1105e+00
44 0 +6.855650731e+00 -5.396443493e+02 -5.396443493e+02 -4.7600e-01 +1.3000e-01 +1.2309e+00
45 0 +5.454002862e+00 -5.410459971e+02 -5.410459971e+02 -6.5300e-01 +1.7933e-01 +1.6886e+00
46 0 +5.125338862e+00 -5.413746611e+02 -5.413746611e+02 -7.2625e-01 +1.9575e-01 +1.8737e+00
47 0 +1.458591335e+00 -5.450414087e+02 -5.450414087e+02 -9.9725e-01 +2.6808e-01 +2.5711e+00
99 0 +1.444342550e+00 -5.450556575e+02 -5.450556575e+02 -9.9860e-01 +2.6928e-01 +2.5701e+00
108 0 +1.410310937e+00 -5.450896891e+02 -5.450896891e+02 -1.0073e+00 +2.7424e-01 +2.5759e+00
110 0 +1.376318191e+00 -5.451236818e+02 -5.451236818e+02 -1.0086e+00 +2.7603e-01 +2.5703e+00
112 0 +1.346042403e+00 -5.451539576e+02 -5.451539576e+02 -1.0129e+00 +2.8008e-01 +2.5709e+00
115 0 +1.285457989e+00 -5.452145420e+02 -5.452145420e+02 -1.0246e+00 +2.8797e-01 +2.5700e+00
116 0 +1.238940102e+00 -5.452610599e+02 -5.452610599e+02 -1.0332e+00 +2.9484e-01 +2.5671e+00
119 0 +1.191982608e+00 -5.453080174e+02 -5.453080174e+02 -1.0577e+00 +3.1322e-01 +2.5658e+00
123 0 +1.156884363e+00 -5.453431156e+02 -5.453431156e+02 -1.0625e+00 +3.2033e-01 +2.5506e+00
160 0 +1.147887960e+00 -5.453521120e+02 -5.453521120e+02 -1.0486e+00 +3.1872e-01 +2.5537e+00
176 0 +1.121422002e+00 -5.453785780e+02 -5.453785780e+02 -1.0227e+00 +3.4230e-01 +2.5494e+00
855 0 +9.840944738e-01 -5.455159055e+02 -5.455159055e+02 -1.9976e+00 +2.1187e+00 +6.3988e-01
856 0 +9.270293928e-01 -5.455729706e+02 -5.455729706e+02 -2.0266e+00 +2.1185e+00 +6.3854e-01
859 0 +8.275129398e-01 -5.456724871e+02 -5.456724871e+02 -2.0655e+00 +2.1389e+00 +6.3595e-01
863 0 +7.914131756e-01 -5.457085868e+02 -5.457085868e+02 -2.1156e+00 +2.1082e+00 +6.4749e-01
872 0 +7.708854630e-01 -5.457291145e+02 -5.457291145e+02 -2.1027e+00 +2.1059e+00 +6.4701e-01
% f evaluations | g evaluations | best noise-free fitness - Fopt (1.000000000000e+03) + sum g_i+ | measured fitness | best measured fitness or single-digit g-values | x1 | x2...
1 0 +5.523931782e+03 +6.523931782e+03 +6.523931782e+03 +0.0000e+00 +0.0000e+00 +0.0000e+00
3 0 +5.523322785e+03 +6.523322785e+03 +6.523322785e+03 +0.0000e+00 +2.5000e-04 +0.0000e+00
14 0 +5.494088897e+03 +6.494088897e+03 +6.494088897e+03 +6.9444e-04 +1.8056e-03 -2.7222e-03
22 0 +5.356183794e+03 +6.356183794e+03 +6.356183794e+03 +4.9167e-03 +8.5833e-03 -1.5833e-02
25 0 +5.176763558e+03 +6.176763558e+03 +6.176763558e+03 +1.0167e-02 +1.8833e-02 -3.2833e-02
27 0 +4.992135293e+03 +5.992135293e+03 +5.992135293e+03 +1.5000e-02 +2.8250e-02 -5.1000e-02
29 0 +4.733481498e+03 +5.733481498e+03 +5.733481498e+03 +2.4250e-02 +4.2000e-02 -7.7000e-02
30 0 +4.648647097e+03 +5.648647097e+03 +5.648647097e+03 +2.6028e-02 +4.7806e-02 -8.5389e-02
31 0 +4.342353278e+03 +5.342353278e+03 +5.342353278e+03 +3.5583e-02 +6.5917e-02 -1.1717e-01
32 0 +4.219194843e+03 +5.219194843e+03 +5.219194843e+03 +3.9722e-02 +7.1944e-02 -1.3061e-01
33 0 +3.777007261e+03 +4.777007261e+03 +4.777007261e+03 +5.4500e-02 +9.8500e-02 -1.7950e-01
34 0 +3.613485795e+03 +4.613485795e+03 +4.613485795e+03 +6.1222e-02 +1.0936e-01 -1.9811e-01
35 0 +3.005447667e+03 +4.005447667e+03 +4.005447667e+03 +8.4333e-02 +1.4992e-01 -2.7167e-01
36 0 +2.769675706e+03 +3.769675706e+03 +3.769675706e+03 +9.2028e-02 +1.6756e-01 -3.0189e-01
37 0 +1.979904854e+03 +2.979904854e+03 +2.979904854e+03 +1.2592e-01 +2.3033e-01 -4.1433e-01
38 0 +1.701554328e+03 +2.701554328e+03 +2.701554328e+03 +1.4092e-01 +2.5325e-01 -4.5983e-01
39 0 +8.413191815e+02 +1.841319182e+03 +1.841319182e+03 +1.9358e-01 +3.4692e-01 -6.3117e-01
40 0 +5.842175014e+02 +1.584217501e+03 +1.584217501e+03 +2.1472e-01 +3.8628e-01 -6.9861e-01
41 0 +3.078766663e+01 +1.030787667e+03 +1.030787667e+03 +2.9483e-01 +5.3017e-01 -9.5817e-01
42 0 +4.046008602e+00 +1.004046009e+03 +1.004046009e+03 +3.2522e-01 +5.8836e-01 -1.0641e+00
44 0 +2.822180378e+00 +1.002822180e+03 +1.002822180e+03 +4.1651e-01 +7.4663e-01 -1.3546e+00
55 0 +2.337678955e+00 +1.002337679e+03 +1.002337679e+03 +3.9986e-01 +7.1742e-01 -1.3022e+00
118 0 +2.289130811e+00 +1.002289131e+03 +1.002289131e+03 +4.1080e-01 +7.1038e-01 -1.3096e+00
127 0 +2.237035543e+00 +1.002237036e+03 +1.002237036e+03 +4.3981e-01 +6.8838e-01 -1.3258e+00
200 0 +2.176853519e+00 +1.002176854e+03 +1.002176854e+03 +4.5095e-01 +6.9861e-01 -1.3184e+00
204 0 +2.107246732e+00 +1.002107247e+03 +1.002107247e+03 +4.7206e-01 +7.0562e-01 -1.3172e+00
206 0 +2.067957623e+00 +1.002067958e+03 +1.002067958e+03 +4.8070e-01 +7.1403e-01 -1.3099e+00
207 0 +2.019165130e+00 +1.002019165e+03 +1.002019165e+03 +4.9558e-01 +7.2174e-01 -1.3056e+00
209 0 +1.952979317e+00 +1.001952979e+03 +1.001952979e+03 +5.2294e-01 +7.4233e-01 -1.3074e+00
210 0 +1.934227243e+00 +1.001934227e+03 +1.001934227e+03 +5.2501e-01 +7.3258e-01 -1.3085e+00
211 0 +1.865730850e+00 +1.001865731e+03 +1.001865731e+03 +5.5316e-01 +7.4192e-01 -1.3069e+00
212 0 +1.847025564e+00 +1.001847026e+03 +1.001847026e+03 +5.7573e-01 +7.6505e-01 -1.2960e+00
216 0 +1.814962065e+00 +1.001814962e+03 +1.001814962e+03 +6.3341e-01 +7.8084e-01 -1.2954e+00
232 0 +1.777223533e+00 +1.001777224e+03 +1.001777224e+03 +6.2963e-01 +7.5546e-01 -1.2985e+00
320 0 +1.615019994e+00 +1.001615020e+03 +1.001615020e+03 -1.0237e+00 +3.0958e-01 -1.3926e+00
329 0 +1.580804485e+00 +1.001580804e+03 +1.001580804e+03 -1.0305e+00 +3.0532e-01 -1.4158e+00
345 0 +1.542373029e+00 +1.001542373e+03 +1.001542373e+03 -1.0243e+00 +3.1782e-01 -1.4094e+00
381 0 +1.513555016e+00 +1.001513555e+03 +1.001513555e+03 -1.0170e+00 +3.4193e-01 -1.4010e+00
% f evaluations | g evaluations | best noise-free fitness - Fopt (2.083800000000e+02) + sum g_i+ | measured fitness | best measured fitness or single-digit g-values | x1 | x2...
1 0 +5.523931782e+03 +5.732311782e+03 +5.732311782e+03 +0.0000e+00 +0.0000e+00 +0.0000e+00
3 0 +5.523322785e+03 +5.731702785e+03 +5.731702785e+03 +0.0000e+00 +2.5000e-04 +0.0000e+00
15 0 +5.494850227e+03 +5.703230227e+03 +5.703230227e+03 -1.2500e-03 +8.3333e-05 +3.0833e-03
23 0 +5.365287162e+03 +5.573667162e+03 +5.573667162e+03 -6.2500e-03 +2.4167e-03 +1.6417e-02
27 0 +5.160734520e+03 +5.369114520e+03 +5.369114520e+03 -1.4250e-02 +3.5000e-03 +3.8500e-02
28 0 +5.119058258e+03 +5.327438258e+03 +5.327438258e+03 -1.6667e-02 +5.1111e-03 +4.2694e-02
29 0 +4.971707760e+03 +5.180087760e+03 +5.180087760e+03 -2.3000e-02 +7.3333e-03 +5.8583e-02
31 0 +4.695555508e+03 +4.903935508e+03 +4.903935508e+03 -3.5250e-02 +8.7500e-03 +8.9750e-02
32 0 +4.612185779e+03 +4.820565779e+03 +4.820565779e+03 -3.7833e-02 +1.0306e-02 +9.9056e-02
33 0 +4.294980064e+03 +4.503360064e+03 +4.503360064e+03 -5.1500e-02 +1.4083e-02 +1.3583e-01
34 0 +4.165907806e+03 +4.374287806e+03 +4.374287806e+03 -5.8917e-02 +1.6611e-02 +1.5094e-01
35 0 +3.708314431e+03 +3.916694431e+03 +3.916694431e+03 -8.1250e-02 +2.3167e-02 +2.0717e-01
36 0 +3.535148781e+03 +3.743528781e+03 +3.743528781e+03 -8.9000e-02 +2.3333e-02 +2.2992e-01
37 0 +2.906364208e+03 +3.114744208e+03 +3.114744208e+03 -1.2200e-01 +3.1333e-02 +3.1558e-01
38 0 +2.671116994e+03 +2.879496994e+03 +2.879496994e+03 -1.3458e-01 +3.6972e-02 +3.4931e-01
39 0 +1.868000603e+03 +2.076380603e+03 +2.076380603e+03 -1.8425e-01 +5.1083e-02 +4.7908e-01
40 0 +1.582731042e+03 +1.791111042e+03 +1.791111042e+03 -2.0683e-01 +5.6306e-02 +5.3206e-01
41 0 +7.297751987e+02 +9.381551987e+02 +9.381551987e+02 -2.8450e-01 +7.7417e-02 +7.3017e-01
42 0 +4.823375465e+02 +6.907175465e+02 +6.907175465e+02 -3.1258e-01 +8.3389e-02 +8.0939e-01
43 0 +9.288186207e+00 +2.176681862e+02 +2.176681862e+02 -4.2825e-01 +1.1350e-01 +1.1105e+00
44 0 +6.855650731e+00 +2.152356507e+02 +2.152356507e+02 -4.7600e-01 +1.3000e-01 +1.2309e+00
45 0 +5.454002862e+00 +2.138340029e+02 +2.138340029e+02 -6.5300e-01 +1.7933e-01 +1.6886e+00
46 0 +5.125338862e+00 +2.135053389e+02 +2.135053389e+02 -7.2625e-01 +1.9575e-01 +1.8737e+00
47 0 +1.458591335e+00 +2.098385913e+02 +2.098385913e+02 -9.9725e-01 +2.6808e-01 +2.5711e+00
99 0 +1.444342550e+00 +2.098243425e+02 +2.098243425e+02 -9.9860e-01 +2.6928e-01 +2.5701e+00
108 0 +1.410310937e+00 +2.097903109e+02 +2.097903109e+02 -1.0073e+00 +2.7424e-01 +2.5759e+00
110 0 +1.376318191e+00 +2.097563182e+02 +2.097563182e+02 -1.0086e+00 +2.7603e-01 +2.5703e+00
112 0 +1.346042403e+00 +2.097260424e+02 +2.097260424e+02 -1.0129e+00 +2.8008e-01 +2.5709e+00
115 0 +1.285457989e+00 +2.096654580e+02 +2.096654580e+02 -1.0246e+00 +2.8797e-01 +2.5700e+00
116 0 +1.238940102e+00 +2.096189401e+02 +2.096189401e+02 -1.0332e+00 +2.9484e-01 +2.5671e+00
119 0 +1.191982608e+00 +2.095719826e+02 +2.095719826e+02 -1.0577e+00 +3.1322e-01 +2.5658e+00
123 0 +1.156884363e+00 +2.095368844e+02 +2.095368844e+02 -1.0625e+00 +3.2033e-01 +2.5506e+00
160 0 +1.147887960e+00 +2.095278880e+02 +2.095278880e+02 -1.0486e+00 +3.1872e-01 +2.5537e+00
176 0 +1.121422002e+00 +2.095014220e+02 +2.095014220e+02 -1.0227e+00 +3.4230e-01 +2.5494e+00
461 0 +1.046199919e+00 +2.094261999e+02 +2.094261999e+02 +1.4876e+00 +2.9399e+00 +7.3638e-01
463 0 +9.735015232e-01 +2.093535015e+02 +2.093535015e+02 +1.4401e+00 +3.0214e+00 +7.4882e-01
467 0 +8.657284488e-01 +2.092457284e+02 +2.092457284e+02 +1.5528e+00 +2.9952e+00 +7.4880e-01
471 0 +8.087770709e-01 +2.091887771e+02 +2.091887771e+02 +1.5360e+00 +3.0274e+00 +7.2693e-01
485 0 +7.936828757e-01 +2.091736829e+02 +2.091736829e+02 +1.5215e+00 +3.0185e+00 +7.3181e-01
568 0 +7.560327756e-01 +2.091360328e+02 +2.091360328e+02 -2.1382e+00 +2.1307e+00 +9.9654e-01
569 0 +6.124256326e-01 +2.089924256e+02 +2.089924256e+02 -2.1800e+00 +2.0846e+00 +9.9337e-01
570 0 +5.067505624e-01 +2.088867506e+02 +2.088867506e+02 -2.1771e+00 +2.0656e+00 +9.7296e-01
572 0 +4.782201620e-01 +2.088582202e+02 +2.088582202e+02 -2.1001e+00 +2.1040e+00 +9.3890e-01
575 0 +4.665475333e-01 +2.088465475e+02 +2.088465475e+02 -2.1401e+00 +2.1003e+00 +9.7935e-01
578 0 +4.299587542e-01 +2.088099588e+02 +2.088099588e+02 -2.1502e+00 +2.0902e+00 +9.6500e-01
582 0 +4.104360618e-01 +2.087904361e+02 +2.087904361e+02 -2.1201e+00 +2.1036e+00 +9.5300e-01
586 0 +3.961507562e-01 +2.087761508e+02 +2.087761508e+02 -2.1131e+00 +2.1024e+00 +9.6040e-01
% f evaluations | g evaluations | best noise-free fitness - Fopt (-1.449600000000e+02) + sum g_i+ | measured fitness | best measured fitness or single-digit g-values | x1 | x2...
1 0 +5.523931782e+03 +5.378971782e+03 +5.378971782e+03 +0.0000e+00 +0.0000e+00 +0.0000e+00
5 0 +5.521999716e+03 +5.377039716e+03 +5.377039716e+03 +1.6667e-04 +1.6667e-04 -2.5000e-04
15 0 +5.493238879e+03 +5.348278879e+03 +5.348278879e+03 +9.7222e-04 +8.3333e-04 -3.5000e-03
23 0 +5.369951637e+03 +5.224991637e+03 +5.224991637e+03 +4.9722e-03 +2.7222e-03 -1.7278e-02
26 0 +5.192718030e+03 +5.047758030e+03 +5.047758030e+03 +1.0333e-02 +6.5833e-03 -3.7667e-02
28 0 +5.042513934e+03 +4.897553934e+03 +4.897553934e+03 +1.6667e-02 +9.0000e-03 -5.5000e-02
29 0 +4.985505614e+03 +4.840545614e+03 +4.840545614e+03 +1.7583e-02 +9.8056e-03 -6.1611e-02
30 0 +4.792329189e+03 +4.647369189e+03 +4.647369189e+03 +2.3917e-02 +1.3250e-02 -8.4500e-02
31 0 +4.710460361e+03 +4.565500361e+03 +4.565500361e+03 +2.7194e-02 +1.5722e-02 -9.4611e-02
32 0 +4.422523246e+03 +4.277563246e+03 +4.277563246e+03 +3.7417e-02 +2.1833e-02 -1.3017e-01
33 0 +4.325481014e+03 +4.180521014e+03 +4.180521014e+03 +4.1667e-02 +2.2806e-02 -1.4211e-01
34 0 +3.922084680e+03 +3.777124680e+03 +3.777124680e+03 +5.7333e-02 +3.0917e-02 -1.9433e-01
35 0 +3.749134851e+03 +3.604174851e+03 +3.604174851e+03 +6.2444e-02 +3.5000e-02 -2.1767e-01
36 0 +3.174541245e+03 +3.029581245e+03 +3.029581245e+03 +8.5333e-02 +4.8000e-02 -2.9900e-01
37 0 +2.962182944e+03 +2.817222944e+03 +2.817222944e+03 +9.6139e-02 +5.3917e-02 -3.3117e-01
38 0 +2.213423760e+03 +2.068463760e+03 +2.068463760e+03 +1.3225e-01 +7.4250e-02 -4.5450e-01
39 0 +1.953984589e+03 +1.809024589e+03 +1.809024589e+03 +1.4586e-01 +8.0278e-02 -5.0172e-01
40 0 +1.112201520e+03 +9.672415199e+02 +9.672415199e+02 +2.0008e-01 +1.0950e-01 -6.8750e-01
41 0 +8.373875166e+02 +6.924275166e+02 +6.924275166e+02 +2.2111e-01 +1.2358e-01 -7.6633e-01
42 0 +2.154995508e+02 +7.053955079e+01 +7.053955079e+01 +3.0300e-01 +1.6992e-01 -1.0523e+00
43 0 +1.400082988e+02 -4.951701202e+00 -4.951701202e+00 +3.3822e-01 +1.8778e-01 -1.1639e+00
49 0 +1.373841139e+02 -7.575886132e+00 -7.575886132e+00 +3.5179e-01 +1.9624e-01 -1.2179e+00
79 0 +1.346242639e+02 -1.033573606e+01 -1.033573606e+01 +3.4647e-01 +1.9168e-01 -1.1969e+00
88 0 +1.312590721e+02 -1.370092789e+01 -1.370092789e+01 +3.4580e-01 +1.8866e-01 -1.2006e+00
91 0 +1.268340655e+02 -1.812593450e+01 -1.812593450e+01 +3.4349e-01 +1.8353e-01 -1.1982e+00
93 0 +1.238466113e+02 -2.111338871e+01 -2.111338871e+01 +3.4353e-01 +1.8100e-01 -1.2051e+00
94 0 +1.197636092e+02 -2.519639078e+01 -2.519639078e+01 +3.4131e-01 +1.7634e-01 -1.2037e+00
96 0 +1.151052821e+02 -2.985471789e+01 -2.985471789e+01 +3.4170e-01 +1.7103e-01 -1.2145e+00
97 0 +1.135388227e+02 -3.142117726e+01 -3.142117726e+01 +3.3618e-01 +1.6792e-01 -1.1927e+00
98 0 +1.079946968e+02 -3.696530325e+01 -3.696530325e+01 +3.3018e-01 +1.5887e-01 -1.1800e+00
99 0 +1.010611587e+02 -4.389884133e+01 -4.389884133e+01 +3.3197e-01 +1.5396e-01 -1.2007e+00
100 0 +8.950023829e+01 -5.545976171e+01 -5.545976171e+01 +3.2621e-01 +1.3917e-01 -1.2019e+00
101 0 +8.778039525e+01 -5.717960475e+01 -5.717960475e+01 +3.2409e-01 +1.3637e-01 -1.1939e+00
102 0 +7.370411635e+01 -7.125588365e+01 -7.125588365e+01 +3.1548e-01 +1.1639e-01 -1.1890e+00
103 0 +6.942750038e+01 -7.553249962e+01 -7.553249962e+01 +3.0622e-01 +1.0526e-01 -1.1661e+00
104 0 +5.519905897e+01 -8.976094103e+01 -8.976094103e+01 +2.8848e-01 +7.2380e-02 -1.1419e+00
105 0 +4.065849703e+01 -1.043015030e+02 -1.043015030e+02 +2.8993e-01 +5.9754e-02 -1.1752e+00
106 0 +1.995863460e+01 -1.250013654e+02 -1.250013654e+02 +2.6980e-01 +1.0195e-02 -1.1728e+00
107 0 +1.992616790e+01 -1.250338321e+02 -1.250338321e+02 +2.5629e-01 -6.5334e-03 -1.1339e+00
108 0 +1.437417591e+01 -1.305858241e+02 -1.305858241e+02 +2.2133e-01 -7.9387e-02 -1.0998e+00
110 0 +6.867593401e+00 -1.380924066e+02 -1.380924066e+02 +1.7511e-01 -1.9468e-01 -1.0981e+00
111 0 +5.577927574e+00 -1.393820724e+02 -1.393820724e+02 +1.1843e-01 -3.2821e-01 -1.0763e+00
113 0 +4.978928605e+00 -1.399810714e+02 -1.399810714e+02 +2.2557e-01 -8.1879e-02 -1.1303e+00
114 0 +4.466571796e+00 -1.404934282e+02 -1.404934282e+02 +1.7262e-01 -2.1206e-01 -1.1169e+00
117 0 +3.351219174e+00 -1.416087808e+02 -1.416087808e+02 +2.2909e-01 -9.1333e-02 -1.1658e+00
131 0 +3.257462072e+00 -1.417025379e+02 -1.417025379e+02 +2.1514e-01 -1.1569e-01 -1.1434e+00
135 0 +3.045125511e+00 -1.419148745e+02 -1.419148745e+02 +2.2655e-01 -9.1575e-02 -1.1530e+00
141 0 +3.005846498e+00 -1.419541535e+02 -1.419541535e+02 +2.2582e-01 -9.0627e-02 -1.1476e+00
200 0 +2.945713895e+00 -1.420142861e+02 -1.420142861e+02 -1.2409e+00 -1.8416e+00 -2.1801e+00
222 0 +2.655843784e+00 -1.423041562e+02 -1.423041562e+02 -1.2371e+00 -1.8099e+00 -2.1626e+00
224 0 +2.535788165e+00 -1.424242118e+02 -1.424242118e+02 -1.2322e+00 -1.7241e+00 -2.1486e+00
226 0 +2.432514882e+00 -1.425274851e+02 -1.425274851e+02 -1.2272e+00 -1.7252e+00 -2.1536e+00
232 0 +2.398360350e+00 -1.425616396e+02 -1.425616396e+02 -1.2331e+00 -1.7599e+00 -2.1597e+00
233 0 +2.310201472e+00 -1.426497985e+02 -1.426497985e+02 -1.2276e+00 -1.7449e+00 -2.1626e+00
234 0 +2.250790692e+00 -1.427092093e+02 -1.427092093e+02 -1.2252e+00 -1.7554e+00 -2.1697e+00
238 0 +2.208928427e+00 -1.427510716e+02 -1.427510716e+02 -1.2207e+00 -1.7568e+00 -2.1722e+00
239 0 +2.132049809e+00 -1.428279502e+02 -1.428279502e+02 -1.2146e+00 -1.7552e+00 -2.1784e+00
241 0 +2.060420949e+00 -1.428995791e+02 -1.428995791e+02 -1.2103e+00 -1.7480e+00 -2.1857e+00
242 0 +2.008017586e+00 -1.429519824e+02 -1.429519824e+02 -1.2015e+00 -1.7498e+00 -2.1987e+00
243 0 +1.944285469e+00 -1.430157145e+02 -1.430157145e+02 -1.1972e+00 -1.7333e+00 -2.1952e+00
244 0 +1.878125183e+00 -1.430818748e+02 -1.430818748e+02 -1.1832e+00 -1.7223e+00 -2.2079e+00
258 0 +1.859026008e+00 -1.431009740e+02 -1.431009740e+02 -1.1721e+00 -1.7039e+00 -2.2133e+00
267 0 +1.813192042e+00 -1.431468080e+02 -1.431468080e+02 -1.1508e+00 -1.7004e+00 -2.2194e+00
271 0 +1.773092466e+00 -1.431869075e+02 -1.431869075e+02 -1.1503e+00 -1.7272e+00 -2.2157e+00
272 0 +1.731779297e+00 -1.432282207e+02 -1.432282207e+02 -1.1337e+00 -1.7135e+00 -2.2180e+00
273 0 +1.695121044e+00 -1.432648790e+02 -1.432648790e+02 -1.1182e+00 -1.7167e+00 -2.2198e+00
278 0 +1.627926820e+00 -1.433320732e+02 -1.433320732e+02 -1.0932e+00 -1.7362e+00 -2.2191e+00
279 0 +1.580752751e+00 -1.433792472e+02 -1.433792472e+02 -1.0797e+00 -1.7403e+00 -2.2157e+00
282 0 +1.541978614e+00 -1.434180214e+02 -1.434180214e+02 -1.0435e+00 -1.7306e+00 -2.2138e+00
284 0 +1.501698196e+00 -1.434583018e+02 -1.434583018e+02 -1.0222e+00 -1.7602e+00 -2.2087e+00
286 0 +1.469663172e+00 -1.434903368e+02 -1.434903368e+02 -1.0418e+00 -1.7445e+00 -2.1966e+00
558 0 +1.321801160e+00 -1.436381988e+02 -1.436381988e+02 +2.5385e+00 -3.2283e+00 -1.8519e+00
563 0 +1.112763067e+00 -1.438472369e+02 -1.438472369e+02 +2.4624e+00 -3.2741e+00 -1.8080e+00
566 0 +1.041871119e+00 -1.439181289e+02 -1.439181289e+02 +2.4730e+00 -3.2222e+00 -1.8171e+00
568 0 +8.013494501e-01 -1.441586505e+02 -1.441586505e+02 +2.5119e+00 -3.2350e+00 -1.8275e+00
578 0 +7.687296056e-01 -1.441912704e+02 -1.441912704e+02 +2.5062e+00 -3.2500e+00 -1.8176e+00
765 0 +7.519546024e-01 -1.442080454e+02 -1.442080454e+02 -2.2522e+00 -2.0718e+00 -9.6544e-01
766 0 +6.931256929e-01 -1.442668743e+02 -1.442668743e+02 -2.2283e+00 -2.0850e+00 -9.5037e-01
767 0 +5.652895549e-01 -1.443947104e+02 -1.443947104e+02 -2.1997e+00 -2.0672e+00 -9.7813e-01
768 0 +4.855410754e-01 -1.444744589e+02 -1.444744589e+02 -2.1482e+00 -2.0688e+00 -9.8225e-01
769 0 +4.576988202e-01 -1.445023012e+02 -1.445023012e+02 -2.1268e+00 -2.0974e+00 -9.8087e-01
771 0 +4.481671426e-01 -1.445118329e+02 -1.445118329e+02 -2.0949e+00 -2.1035e+00 -9.4386e-01
777 0 +4.128427361e-01 -1.445471573e+02 -1.445471573e+02 -2.0988e+00 -2.1176e+00 -9.4976e-01
779 0 +3.982795363e-01 -1.445617205e+02 -1.445617205e+02 -2.1035e+00 -2.1067e+00 -9.6489e-01
791 0 +3.965767740e-01 -1.445634232e+02 -1.445634232e+02 -2.1016e+00 -2.1104e+00 -9.5794e-01
% f evaluations | g evaluations | best noise-free fitness - Fopt (-6.300000000000e+00) + sum g_i+ | measured fitness | best measured fitness or single-digit g-values | x1 | x2...
1 0 +5.523931782e+03 +5.517631782e+03 +5.517631782e+03 +0.0000e+00 +0.0000e+00 +0.0000e+00
2 0 +5.523925870e+03 +5.517625870e+03 +5.517625870e+03 +2.5000e-04 +0.0000e+00 +0.0000e+00
15 0 +5.493167908e+03 +5.486867908e+03 +5.486867908e+03 +1.9444e-03 +8.3333e-04 -3.5000e-03
23 0 +5.369573935e+03 +5.363273935e+03 +5.363273935e+03 +9.8333e-03 +2.7222e-03 -1.7278e-02
26 0 +5.191855397e+03 +5.185555397e+03 +5.185555397e+03 +2.1000e-02 +6.5833e-03 -3.7667e-02
28 0 +5.041181455e+03 +5.034881455e+03 +5.034881455e+03 +2.9583e-02 +9.0000e-03 -5.5000e-02
29 0 +4.983999475e+03 +4.977699475e+03 +4.977699475e+03 +3.4472e-02 +9.8056e-03 -6.1611e-02
30 0 +4.790156124e+03 +4.783856124e+03 +4.783856124e+03 +4.7583e-02 +1.3250e-02 -8.4500e-02
31 0 +4.707941223e+03 +4.701641223e+03 +4.701641223e+03 +5.1944e-02 +1.5722e-02 -9.4611e-02
32 0 +4.418747354e+03 +4.412447354e+03 +4.412447354e+03 +7.1167e-02 +2.1833e-02 -1.3017e-01
33 0 +4.321282398e+03 +4.314982398e+03 +4.314982398e+03 +7.7889e-02 +2.2806e-02 -1.4211e-01
34 0 +3.915681043e+03 +3.909381043e+03 +3.909381043e+03 +1.0633e-01 +3.0917e-02 -1.9433e-01
35 0 +3.741631275e+03 +3.735331275e+03 +3.735331275e+03 +1.2047e-01 +3.5000e-02 -2.1767e-01
36 0 +3.162537298e+03 +3.156237298e+03 +3.156237298e+03 +1.6592e-01 +4.8000e-02 -2.9900e-01
37 0 +2.947935151e+03 +2.941635151e+03 +2.941635151e+03 +1.8136e-01 +5.3917e-02 -3.3117e-01
38 0 +2.189617453e+03 +2.183317453e+03 +2.183317453e+03 +2.4825e-01 +7.4250e-02 -4.5450e-01
39 0 +1.926360546e+03 +1.920060546e+03 +1.920060546e+03 +2.7583e-01 +8.0278e-02 -5.0172e-01
40 0 +1.065455563e+03 +1.059155563e+03 +1.059155563e+03 +3.7817e-01 +1.0950e-01 -6.8750e-01
41 0 +7.807256297e+02 +7.744256297e+02 +7.744256297e+02 +4.2189e-01 +1.2358e-01 -7.6633e-01
42 0 +1.166875743e+02 +1.103875743e+02 +1.103875743e+02 +5.7967e-01 +1.6992e-01 -1.0523e+00
43 0 +2.114362833e+01 +1.484362833e+01 +1.484362833e+01 +6.3814e-01 +1.8778e-01 -1.1639e+00
44 0 +9.892628183e+00 +3.592628183e+00 +3.592628183e+00 +8.7425e-01 +2.5767e-01 -1.5963e+00
49 0 +9.180007009e+00 +2.880007009e+00 +2.880007009e+00 +8.2759e-01 +2.4166e-01 -1.5098e+00
58 0 +9.110588204e+00 +2.810588204e+00 +2.810588204e+00 +8.5811e-01 +2.5068e-01 -1.5641e+00
70 0 +8.905679057e+00 +2.605679057e+00 +2.605679057e+00 +8.5975e-01 +2.5000e-01 -1.5650e+00
75 0 +8.458816737e+00 +2.158816737e+00 +2.158816737e+00 +8.4498e-01 +2.4357e-01 -1.5349e+00
76 0 +8.250778512e+00 +1.950778512e+00 +1.950778512e+00 +8.5237e-01 +2.4457e-01 -1.5460e+00
79 0 +7.900871648e+00 +1.600871648e+00 +1.600871648e+00 +8.4385e-01 +2.3976e-01 -1.5257e+00
82 0 +7.576614552e+00 +1.276614552e+00 +1.276614552e+00 +8.4704e-01 +2.3882e-01 -1.5286e+00
84 0 +6.953574678e+00 +6.535746782e-01 +6.535746782e-01 +8.5543e-01 +2.3747e-01 -1.5357e+00
85 0 +6.374618681e+00 +7.461868141e-02 +7.461868141e-02 +8.5696e-01 +2.3392e-01 -1.5305e+00
88 0 +6.206451894e+00 -9.354810631e-02 -9.354810631e-02 +8.6851e-01 +2.3621e-01 -1.5501e+00
90 0 +5.125962281e+00 -1.174037719e+00 -1.174037719e+00 +8.6353e-01 +2.2617e-01 -1.5241e+00
91 0 +4.239487113e+00 -2.060512887e+00 -2.060512887e+00 +8.7826e-01 +2.2293e-01 -1.5354e+00
95 0 +2.947076407e+00 -3.352923593e+00 -3.352923593e+00 +9.0283e-01 +2.1473e-01 -1.5498e+00
96 0 +2.203807372e+00 -4.096192628e+00 -4.096192628e+00 +9.1999e-01 +2.0400e-01 -1.5497e+00
98 0 +2.170219900e+00 -4.129780100e+00 -4.129780100e+00 +9.0792e-01 +1.9634e-01 -1.5192e+00
99 0 +2.129320438e+00 -4.170679562e+00 -4.170679562e+00 +9.3123e-01 +1.8516e-01 -1.5247e+00
109 0 +2.037834757e+00 -4.262165243e+00 -4.262165243e+00 +9.2790e-01 +1.9768e-01 -1.5462e+00
189 0 +1.993368682e+00 -4.306631318e+00 -4.306631318e+00 +9.4320e-01 +1.9570e-01 -1.5393e+00
199 0 +1.945766905e+00 -4.354233095e+00 -4.354233095e+00 +9.7434e-01 +2.0275e-01 -1.5445e+00
209 0 +1.905148649e+00 -4.394851351e+00 -4.394851351e+00 +9.8384e-01 +2.0810e-01 -1.5414e+00
309 0 +1.767663184e+00 -4.532336816e+00 -4.532336816e+00 +1.0059e+00 -2.3218e+00 -5.9766e-01
320 0 +1.656359962e+00 -4.643640038e+00 -4.643640038e+00 +1.0027e+00 -2.3389e+00 -5.9205e-01
321 0 +1.579540833e+00 -4.720459167e+00 -4.720459167e+00 +1.0020e+00 -2.3404e+00 -5.8600e-01
322 0 +1.547810327e+00 -4.752189673e+00 -4.752189673e+00 +1.0096e+00 -2.3543e+00 -5.8614e-01
323 0 +1.498459342e+00 -4.801540658e+00 -4.801540658e+00 +1.0149e+00 -2.3673e+00 -5.7899e-01
954 0 +1.466516262e+00 -4.833483738e+00 -4.833483738e+00 +2.0901e+00 -5.5713e-01 -1.3677e+00
959 0 +1.445374883e+00 -4.854625117e+00 -4.854625117e+00 +2.0747e+00 -5.8696e-01 -1.3566e+00
961 0 +1.400237940e+00 -4.899762060e+00 -4.899762060e+00 +2.1088e+00 -5.6114e-01 -1.3561e+00
% f evaluations | g evaluations | best noise-free fitness - Fopt (-1.367600000000e+02) + sum g_i+ | measured fitness | best measured fitness or single-digit g-values | x1 | x2...
1 0 +5.523931782e+03 +5.387171782e+03 +5.387171782e+03 +0.0000e+00 +0.0000e+00 +0.0000e+00
2 0 +5.523925870e+03 +5.387165870e+03 +5.387165870e+03 +2.5000e-04 +0.0000e+00 +0.0000e+00
15 0 +5.493167908e+03 +5.356407908e+03 +5.356407908e+03 +1.9444e-03 +8.3333e-04 -3.5000e-03
23 0 +5.369573935e+03 +5.232813935e+03 +5.232813935e+03 +9.8333e-03 +2.7222e-03 -1.7278e-02
26 0 +5.191855397e+03 +5.055095397e+03 +5.055095397e+03 +2.1000e-02 +6.5833e-03 -3.7667e-02
28 0 +5.041181455e+03 +4.904421455e+03 +4.904421455e+03 +2.9583e-02 +9.0000e-03 -5.5000e-02
29 0 +4.983999475e+03 +4.847239475e+03 +4.847239475e+03 +3.4472e-02 +9.8056e-03 -6.1611e-02
30 0 +4.790156124e+03 +4.653396124e+03 +4.653396124e+03 +4.7583e-02 +1.3250e-02 -8.4500e-02
31 0 +4.707941223e+03 +4.571181223e+03 +4.571181223e+03 +5.1944e-02 +1.5722e-02 -9.4611e-02
32 0 +4.418747354e+03 +4.281987354e+03 +4.281987354e+03 +7.1167e-02 +2.1833e-02 -1.3017e-01
33 0 +4.321282398e+03 +4.184522398e+03 +4.184522398e+03 +7.7889e-02 +2.2806e-02 -1.4211e-01
34 0 +3.915681043e+03 +3.778921043e+03 +3.778921043e+03 +1.0633e-01 +3.0917e-02 -1.9433e-01
35 0 +3.741631275e+03 +3.604871275e+03 +3.604871275e+03 +1.2047e-01 +3.5000e-02 -2.1767e-01
36 0 +3.162537298e+03 +3.025777298e+03 +3.025777298e+03 +1.6592e-01 +4.8000e-02 -2.9900e-01
37 0 +2.947935151e+03 +2.811175151e+03 +2.811175151e+03 +1.8136e-01 +5.3917e-02 -3.3117e-01
38 0 +2.189617453e+03 +2.052857453e+03 +2.052857453e+03 +2.4825e-01 +7.4250e-02 -4.5450e-01
39 0 +1.926360546e+03 +1.789600546e+03 +1.789600546e+03 +2.7583e-01 +8.0278e-02 -5.0172e-01
40 0 +1.065455563e+03 +9.286955628e+02 +9.286955628e+02 +3.7817e-01 +1.0950e-01 -6.8750e-01
41 0 +7.807256297e+02 +6.439656297e+02 +6.439656297e+02 +4.2189e-01 +1.2358e-01 -7.6633e-01
42 0 +1.166875743e+02 -2.007242573e+01 -2.007242573e+01 +5.7967e-01 +1.6992e-01 -1.0523e+00
43 0 +2.114362833e+01 -1.156163717e+02 -1.156163717e+02 +6.3814e-01 +1.8778e-01 -1.1639e+00
44 0 +9.892628183e+00 -1.268673718e+02 -1.268673718e+02 +8.7425e-01 +2.5767e-01 -1.5963e+00
49 0 +9.180007009e+00 -1.275799930e+02 -1.275799930e+02 +8.2759e-01 +2.4166e-01 -1.5098e+00
58 0 +9.110588204e+00 -1.276494118e+02 -1.276494118e+02 +8.5811e-01 +2.5068e-01 -1.5641e+00
70 0 +8.905679057e+00 -1.278543209e+02 -1.278543209e+02 +8.5975e-01 +2.5000e-01 -1.5650e+00
75 0 +8.458816737e+00 -1.283011833e+02 -1.283011833e+02 +8.4498e-01 +2.4357e-01 -1.5349e+00
76 0 +8.250778512e+00 -1.285092215e+02 -1.285092215e+02 +8.5237e-01 +2.4457e-01 -1.5460e+00
79 0 +7.900871648e+00 -1.288591284e+02 -1.288591284e+02 +8.4385e-01 +2.3976e-01 -1.5257e+00
82 0 +7.576614552e+00 -1.291833854e+02 -1.291833854e+02 +8.4704e-01 +2.3882e-01 -1.5286e+00
84 0 +6.953574678e+00 -1.298064253e+02 -1.298064253e+02 +8.5543e-01 +2.3747e-01 -1.5357e+00
85 0 +6.374618681e+00 -1.303853813e+02 -1.303853813e+02 +8.5696e-01 +2.3392e-01 -1.5305e+00
88 0 +6.206451894e+00 -1.305535481e+02 -1.305535481e+02 +8.6851e-01 +2.3621e-01 -1.5501e+00
90 0 +5.125962281e+00 -1.316340377e+02 -1.316340377e+02 +8.6353e-01 +2.2617e-01 -1.5241e+00
91 0 +4.239487113e+00 -1.325205129e+02 -1.325205129e+02 +8.7826e-01 +2.2293e-01 -1.5354e+00
95 0 +2.947076407e+00 -1.338129236e+02 -1.338129236e+02 +9.0283e-01 +2.1473e-01 -1.5498e+00
96 0 +2.203807372e+00 -1.345561926e+02 -1.345561926e+02 +9.1999e-01 +2.0400e-01 -1.5497e+00
98 0 +2.170219900e+00 -1.345897801e+02 -1.345897801e+02 +9.0792e-01 +1.9634e-01 -1.5192e+00
99 0 +2.129320438e+00 -1.346306796e+02 -1.346306796e+02 +9.3123e-01 +1.8516e-01 -1.5247e+00
109 0 +2.037834757e+00 -1.347221652e+02 -1.347221652e+02 +9.2790e-01 +1.9768e-01 -1.5462e+00
189 0 +1.993368682e+00 -1.347666313e+02 -1.347666313e+02 +9.4320e-01 +1.9570e-01 -1.5393e+00
199 0 +1.945766905e+00 -1.348142331e+02 -1.348142331e+02 +9.7434e-01 +2.0275e-01 -1.5445e+00
209 0 +1.905148649e+00 -1.348548514e+02 -1.348548514e+02 +9.8384e-01 +2.0810e-01 -1.5414e+00
480 0 +1.735527789e+00 -1.350244722e+02 -1.350244722e+02 -1.4383e+00 -8.7840e-01 -1.2377e+00
483 0 +1.684024058e+00 -1.350759759e+02 -1.350759759e+02 -1.4187e+00 -8.6804e-01 -1.2716e+00
487 0 +1.620773467e+00 -1.351392265e+02 -1.351392265e+02 -1.4591e+00 -8.7470e-01 -1.2631e+00
492 0 +1.547431129e+00 -1.352125689e+02 -1.352125689e+02 -1.4743e+00 -8.8477e-01 -1.2602e+00
497 0 +1.468112541e+00 -1.352918875e+02 -1.352918875e+02 -1.5291e+00 -9.0578e-01 -1.2638e+00
498 0 +1.444369784e+00 -1.353156302e+02 -1.353156302e+02 -1.5565e+00 -9.2005e-01 -1.2601e+00
501 0 +1.392961887e+00 -1.353670381e+02 -1.353670381e+02 -1.5218e+00 -9.1429e-01 -1.2573e+00
502 0 +1.328976650e+00 -1.354310233e+02 -1.354310233e+02 -1.5226e+00 -9.2562e-01 -1.2528e+00
505 0 +1.250502359e+00 -1.355094976e+02 -1.355094976e+02 -1.5504e+00 -9.5847e-01 -1.2536e+00
506 0 +1.216373796e+00 -1.355436262e+02 -1.355436262e+02 -1.5473e+00 -9.7767e-01 -1.2503e+00
508 0 +1.201012743e+00 -1.355589873e+02 -1.355589873e+02 -1.4951e+00 -9.5976e-01 -1.2416e+00
% f evaluations | g evaluations | best noise-free fitness - Fopt (3.667500000000e+02) + sum g_i+ | measured fitness | best measured fitness or single-digit g-values | x1 | x2...
1 0 +5.523931782e+03 +5.890681782e+03 +5.890681782e+03 +0.0000e+00 +0.0000e+00 +0.0000e+00
4 0 +5.521589736e+03 +5.888339736e+03 +5.888339736e+03 +0.0000e+00 +0.0000e+00 +2.5000e-04
16 0 +5.488818283e+03 +5.855568283e+03 +5.855568283e+03 -1.1667e-03 -2.2500e-03 +3.1667e-03
24 0 +5.319653838e+03 +5.686403838e+03 +5.686403838e+03 -8.5000e-03 -1.2250e-02 +1.8833e-02
26 0 +5.225737659e+03 +5.592487659e+03 +5.592487659e+03 -1.0833e-02 -1.8500e-02 +2.7500e-02
28 0 +5.068423454e+03 +5.435173454e+03 +5.435173454e+03 -1.8333e-02 -2.9000e-02 +4.2250e-02
30 0 +4.834660387e+03 +5.201410387e+03 +5.201410387e+03 -2.7667e-02 -4.3250e-02 +6.5083e-02
31 0 +4.771705835e+03 +5.138455835e+03 +5.138455835e+03 -2.9389e-02 -4.8250e-02 +7.1056e-02
32 0 +4.509441790e+03 +4.876191790e+03 +4.876191790e+03 -3.9833e-02 -6.6250e-02 +9.7167e-02
33 0 +4.395608191e+03 +4.762358191e+03 +4.762358191e+03 -4.6389e-02 -7.3833e-02 +1.0883e-01
34 0 +4.007559256e+03 +4.374309256e+03 +4.374309256e+03 -6.4167e-02 -1.0150e-01 +1.4950e-01
35 0 +3.860418259e+03 +4.227168259e+03 +4.227168259e+03 -6.9444e-02 -1.1167e-01 +1.6558e-01
36 0 +3.316624259e+03 +3.683374259e+03 +3.683374259e+03 -9.5000e-02 -1.5300e-01 +2.2725e-01
37 0 +3.115806783e+03 +3.482556783e+03 +3.482556783e+03 -1.0500e-01 -1.7058e-01 +2.5086e-01
38 0 +2.393159800e+03 +2.759909800e+03 +2.759909800e+03 -1.4367e-01 -2.3425e-01 +3.4375e-01
39 0 +2.117249549e+03 +2.483999549e+03 +2.483999549e+03 -1.6206e-01 -2.5958e-01 +3.8317e-01
40 0 +1.255044029e+03 +1.621794029e+03 +1.621794029e+03 -2.2317e-01 -3.5625e-01 +5.2617e-01
41 0 +9.810672802e+02 +1.347817280e+03 +1.347817280e+03 -2.4372e-01 -3.9417e-01 +5.8194e-01
42 0 +2.373469857e+02 +6.040969857e+02 +6.040969857e+02 -3.3350e-01 -5.4050e-01 +7.9817e-01
43 0 +8.015549052e+01 +4.469054905e+02 +4.469054905e+02 -3.7189e-01 -6.0100e-01 +8.8481e-01
44 0 +4.470497723e+00 +3.712204977e+02 +3.712204977e+02 -5.1033e-01 -8.2500e-01 +1.2136e+00
45 0 +4.247492930e+00 +3.709974929e+02 +3.709974929e+02 -5.6767e-01 -9.1358e-01 +1.3482e+00
52 0 +3.497881152e+00 +3.702478812e+02 +3.702478812e+02 -5.3900e-01 -8.6929e-01 +1.2809e+00
100 0 +3.464620712e+00 +3.702146207e+02 +3.702146207e+02 -5.4145e-01 -8.7520e-01 +1.2815e+00
106 0 +3.382133787e+00 +3.701321338e+02 +3.701321338e+02 -5.4543e-01 -8.8632e-01 +1.2768e+00
109 0 +3.290628430e+00 +3.700406284e+02 +3.700406284e+02 -5.4848e-01 -8.9781e-01 +1.2614e+00
111 0 +3.200283185e+00 +3.699502832e+02 +3.699502832e+02 -5.5667e-01 -9.1699e-01 +1.2585e+00
113 0 +3.138552649e+00 +3.698885526e+02 +3.698885526e+02 -5.6589e-01 -9.4424e-01 +1.2495e+00
174 0 +3.086807050e+00 +3.698368070e+02 +3.698368070e+02 -5.4261e-01 -9.5089e-01 +1.2502e+00
178 0 +3.012236425e+00 +3.697622364e+02 +3.697622364e+02 -5.0734e-01 -9.4633e-01 +1.2516e+00
180 0 +2.924983403e+00 +3.696749834e+02 +3.696749834e+02 -4.7746e-01 -9.5228e-01 +1.2545e+00
182 0 +2.843299723e+00 +3.695932997e+02 +3.695932997e+02 -4.2652e-01 -9.4517e-01 +1.2594e+00
183 0 +2.806406345e+00 +3.695564063e+02 +3.695564063e+02 -4.1392e-01 -9.4752e-01 +1.2566e+00
195 0 +2.742397217e+00 +3.694923972e+02 +3.694923972e+02 -3.7192e-01 -9.5337e-01 +1.2564e+00
202 0 +2.683889769e+00 +3.694338898e+02 +3.694338898e+02 -3.4719e-01 -9.6626e-01 +1.2536e+00
204 0 +2.628149789e+00 +3.693781498e+02 +3.693781498e+02 -3.5447e-01 -9.7777e-01 +1.2443e+00
214 0 +2.567989788e+00 +3.693179898e+02 +3.693179898e+02 -3.3428e-01 -1.0153e+00 +1.2352e+00
365 0 +2.413529327e+00 +3.691635293e+02 +3.691635293e+02 -8.4036e-01 -1.7850e+00 +1.0189e+00
366 0 +2.386815093e+00 +3.691368151e+02 +3.691368151e+02 -8.5484e-01 -1.8086e+00 +1.0050e+00
367 0 +2.250482839e+00 +3.690004828e+02 +3.690004828e+02 -9.2732e-01 -1.8022e+00 +9.9654e-01
369 0 +2.223742617e+00 +3.689737426e+02 +3.689737426e+02 -1.0480e+00 -1.7472e+00 +1.0031e+00
373 0 +2.096668905e+00 +3.688466689e+02 +3.688466689e+02 -9.2932e-01 -1.7989e+00 +1.0108e+00
375 0 +2.051848066e+00 +3.688018481e+02 +3.688018481e+02 -1.0014e+00 -1.7458e+00 +1.0184e+00
378 0 +1.958786631e+00 +3.687087866e+02 +3.687087866e+02 -9.5252e-01 -1.7840e+00 +1.0251e+00
383 0 +1.888479399e+00 +3.686384794e+02 +3.686384794e+02 -1.0109e+00 -1.7732e+00 +1.0278e+00
392 0 +1.856968288e+00 +3.686069683e+02 +3.686069683e+02 -1.0315e+00 -1.7738e+00 +1.0381e+00
509 0 +1.307515962e+00 +3.680575160e+02 +3.680575160e+02 -2.1220e+00 -2.2038e+00 +6.2181e-01
511 0 +1.251682744e+00 +3.680016827e+02 +3.680016827e+02 -1.9768e+00 -2.1524e+00 +6.4462e-01
516 0 +1.012638197e+00 +3.677626382e+02 +3.677626382e+02 -1.9898e+00 -2.1160e+00 +6.4092e-01
521 0 +9.418397022e-01 +3.676918397e+02 +3.676918397e+02 -2.0386e+00 -2.1542e+00 +6.3003e-01
527 0 +9.081160694e-01 +3.676581161e+02 +3.676581161e+02 -2.0184e+00 -2.1359e+00 +6.3600e-01
532 0 +8.691069248e-01 +3.676191069e+02 +3.676191069e+02 -2.0309e+00 -2.1406e+00 +6.3693e-01
551 0 +8.495252276e-01 +3.675995252e+02 +3.675995252e+02 -2.0368e+00 -2.1327e+00 +6.3985e-01
554 0 +8.250245691e-01 +3.675750246e+02 +3.675750246e+02 -2.0445e+00 -2.1256e+00 +6.4085e-01
555 0 +8.104318491e-01 +3.675604318e+02 +3.675604318e+02 -2.0524e+00 -2.1229e+00 +6.4174e-01
561 0 +7.858973990e-01 +3.675358974e+02 +3.675358974e+02 -2.0683e+00 -2.1098e+00 +6.4455e-01
564 0 +7.668422648e-01 +3.675168423e+02 +3.675168423e+02 -2.0949e+00 -2.1017e+00 +6.4709e-01
% f evaluations | g evaluations | best noise-free fitness - Fopt (-2.486900000000e+02) + sum g_i+ | measured fitness | best measured fitness or single-digit g-values | x1 | x2...
1 0 +5.523931782e+03 +5.275241782e+03 +5.275241782e+03 +0.0000e+00 +0.0000e+00 +0.0000e+00
2 0 +5.523925870e+03 +5.275235870e+03 +5.275235870e+03 +2.5000e-04 +0.0000e+00 +0.0000e+00
16 0 +5.488833160e+03 +5.240143160e+03 +5.240143160e+03 +5.0000e-04 -2.2500e-03 +3.1667e-03
24 0 +5.319751839e+03 +5.071061839e+03 +5.071061839e+03 +2.1667e-03 -1.2250e-02 +1.8833e-02
26 0 +5.225836296e+03 +4.977146296e+03 +4.977146296e+03 +2.0833e-03 -1.8500e-02 +2.7500e-02
28 0 +5.068470197e+03 +4.819780197e+03 +4.819780197e+03 +5.3333e-03 -2.9000e-02 +4.2250e-02
30 0 +4.834600149e+03 +4.585910149e+03 +4.585910149e+03 +6.0833e-03 -4.3250e-02 +6.5083e-02
31 0 +4.771641138e+03 +4.522951138e+03 +4.522951138e+03 +6.8333e-03 -4.8250e-02 +7.1056e-02
32 0 +4.509343314e+03 +4.260653314e+03 +4.260653314e+03 +9.1667e-03 -6.6250e-02 +9.7167e-02
33 0 +4.395489513e+03 +4.146799513e+03 +4.146799513e+03 +1.1639e-02 -7.3833e-02 +1.0883e-01
34 0 +4.007381838e+03 +3.758691838e+03 +3.758691838e+03 +1.6417e-02 -1.0150e-01 +1.4950e-01
35 0 +3.860221082e+03 +3.611531082e+03 +3.611531082e+03 +1.5778e-02 -1.1167e-01 +1.6558e-01
36 0 +3.316380476e+03 +3.067690476e+03 +3.067690476e+03 +2.1000e-02 -1.5300e-01 +2.2725e-01
37 0 +3.115569915e+03 +2.866879915e+03 +2.866879915e+03 +2.4972e-02 -1.7058e-01 +2.5086e-01
38 0 +2.393050961e+03 +2.144360961e+03 +2.144360961e+03 +3.4417e-02 -2.3425e-01 +3.4375e-01
39 0 +2.117248024e+03 +1.868558024e+03 +1.868558024e+03 +3.8722e-02 -2.5958e-01 +3.8317e-01
40 0 +1.255548177e+03 +1.006858177e+03 +1.006858177e+03 +5.3500e-02 -3.5625e-01 +5.2617e-01
41 0 +9.817056825e+02 +7.330156825e+02 +7.330156825e+02 +5.6194e-02 -3.9417e-01 +5.8194e-01
42 0 +2.376285868e+02 -1.106141324e+01 -1.106141324e+01 +7.6083e-02 -5.4050e-01 +7.9817e-01
43 0 +7.996835462e+01 -1.687216454e+02 -1.687216454e+02 +8.8333e-02 -6.0100e-01 +8.8481e-01
44 0 +4.612248819e+00 -2.440777512e+02 -2.440777512e+02 +1.2200e-01 -8.2500e-01 +1.2136e+00
46 0 +4.362619749e+00 -2.443273803e+02 -2.443273803e+02 +1.6743e-01 -1.1631e+00 +1.7138e+00
47 0 +3.251559956e+00 -2.454384400e+02 -2.454384400e+02 +2.2439e-01 -1.5666e+00 +2.3076e+00
67 0 +2.999570456e+00 -2.456904295e+02 -2.456904295e+02 +2.1594e-01 -1.5046e+00 +2.2157e+00
69 0 +2.789256256e+00 -2.459007437e+02 -2.459007437e+02 +2.2227e-01 -1.5488e+00 +2.2807e+00
71 0 +2.743121870e+00 -2.459468781e+02 -2.459468781e+02 +2.1757e-01 -1.5175e+00 +2.2347e+00
77 0 +2.662945911e+00 -2.460270541e+02 -2.460270541e+02 +2.2067e-01 -1.5383e+00 +2.2654e+00
149 0 +2.629925517e+00 -2.460600745e+02 -2.460600745e+02 +2.2156e-01 -1.5336e+00 +2.2563e+00
160 0 +2.568271613e+00 -2.461217284e+02 -2.461217284e+02 +2.3429e-01 -1.5451e+00 +2.2579e+00
169 0 +2.500549949e+00 -2.461894501e+02 -2.461894501e+02 +2.6653e-01 -1.5720e+00 +2.2582e+00
175 0 +2.452129982e+00 -2.462378700e+02 -2.462378700e+02 +2.6406e-01 -1.5651e+00 +2.2500e+00
319 0 +1.939841111e+00 -2.467501589e+02 -2.467501589e+02 -1.3547e+00 -2.9998e+00 +4.1282e-01
329 0 +1.820014785e+00 -2.468699852e+02 -2.468699852e+02 -1.6630e+00 -3.0196e+00 +4.0917e-01
332 0 +1.731515485e+00 -2.469584845e+02 -2.469584845e+02 -1.6332e+00 -3.0740e+00 +4.1676e-01
334 0 +1.517060676e+00 -2.471729393e+02 -2.471729393e+02 -1.6029e+00 -3.0570e+00 +4.1749e-01
336 0 +1.204650873e+00 -2.474853491e+02 -2.474853491e+02 -1.4939e+00 -3.0250e+00 +4.1365e-01
345 0 +1.194393109e+00 -2.474956069e+02 -2.474956069e+02 -1.4915e+00 -3.0238e+00 +4.1467e-01
354 0 +1.174431053e+00 -2.475155689e+02 -2.475155689e+02 -1.5138e+00 -3.0268e+00 +4.1485e-01
% f evaluations | g evaluations | best noise-free fitness - Fopt (-6.786000000000e+01) + sum g_i+ | measured fitness | best measured fitness or single-digit g-values | x1 | x2...
1 0 +5.523931782e+03 +5.456071782e+03 +5.456071782e+03 +0.0000e+00 +0.0000e+00 +0.0000e+00
3 0 +5.523322785e+03 +5.455462785e+03 +5.455462785e+03 +0.0000e+00 +2.5000e-04 +0.0000e+00
15 0 +5.494850227e+03 +5.426990227e+03 +5.426990227e+03 -1.2500e-03 +8.3333e-05 +3.0833e-03
23 0 +5.365287162e+03 +5.297427162e+03 +5.297427162e+03 -6.2500e-03 +2.4167e-03 +1.6417e-02
27 0 +5.160734520e+03 +5.092874520e+03 +5.092874520e+03 -1.4250e-02 +3.5000e-03 +3.8500e-02
28 0 +5.119058258e+03 +5.051198258e+03 +5.051198258e+03 -1.6667e-02 +5.1111e-03 +4.2694e-02
29 0 +4.971707760e+03 +4.903847760e+03 +4.903847760e+03 -2.3000e-02 +7.3333e-03 +5.8583e-02
31 0 +4.695555508e+03 +4.627695508e+03 +4.627695508e+03 -3.5250e-02 +8.7500e-03 +8.9750e-02
32 0 +4.612185779e+03 +4.544325779e+03 +4.544325779e+03 -3.7833e-02 +1.0306e-02 +9.9056e-02
33 0 +4.294980064e+03 +4.227120064e+03 +4.227120064e+03 -5.1500e-02 +1.4083e-02 +1.3583e-01
34 0 +4.165907806e+03 +4.098047806e+03 +4.098047806e+03 -5.8917e-02 +1.6611e-02 +1.5094e-01
35 0 +3.708314431e+03 +3.640454431e+03 +3.640454431e+03 -8.1250e-02 +2.3167e-02 +2.0717e-01
36 0 +3.535148781e+03 +3.467288781e+03 +3.467288781e+03 -8.9000e-02 +2.3333e-02 +2.2992e-01
37 0 +2.906364208e+03 +2.838504208e+03 +2.838504208e+03 -1.2200e-01 +3.1333e-02 +3.1558e-01
38 0 +2.671116994e+03 +2.603256994e+03 +2.603256994e+03 -1.3458e-01 +3.6972e-02 +3.4931e-01
39 0 +1.868000603e+03 +1.800140603e+03 +1.800140603e+03 -1.8425e-01 +5.1083e-02 +4.7908e-01
40 0 +1.582731042e+03 +1.514871042e+03 +1.514871042e+03 -2.0683e-01 +5.6306e-02 +5.3206e-01
41 0 +7.297751987e+02 +6.619151987e+02 +6.619151987e+02 -2.8450e-01 +7.7417e-02 +7.3017e-01
42 0 +4.823375465e+02 +4.144775465e+02 +4.144775465e+02 -3.1258e-01 +8.3389e-02 +8.0939e-01
43 0 +9.288186207e+00 -5.857181379e+01 -5.857181379e+01 -4.2825e-01 +1.1350e-01 +1.1105e+00
44 0 +6.855650731e+00 -6.100434927e+01 -6.100434927e+01 -4.7600e-01 +1.3000e-01 +1.2309e+00
45 0 +5.454002862e+00 -6.240599714e+01 -6.240599714e+01 -6.5300e-01 +1.7933e-01 +1.6886e+00
46 0 +5.125338862e+00 -6.273466114e+01 -6.273466114e+01 -7.2625e-01 +1.9575e-01 +1.8737e+00
47 0 +1.458591335e+00 -6.640140867e+01 -6.640140867e+01 -9.9725e-01 +2.6808e-01 +2.5711e+00
99 0 +1.444342550e+00 -6.641565745e+01 -6.641565745e+01 -9.9860e-01 +2.6928e-01 +2.5701e+00
108 0 +1.410310937e+00 -6.644968906e+01 -6.644968906e+01 -1.0073e+00 +2.7424e-01 +2.5759e+00
110 0 +1.376318191e+00 -6.648368181e+01 -6.648368181e+01 -1.0086e+00 +2.7603e-01 +2.5703e+00
112 0 +1.346042403e+00 -6.651395760e+01 -6.651395760e+01 -1.0129e+00 +2.8008e-01 +2.5709e+00
115 0 +1.285457989e+00 -6.657454201e+01 -6.657454201e+01 -1.0246e+00 +2.8797e-01 +2.5700e+00
116 0 +1.238940102e+00 -6.662105990e+01 -6.662105990e+01 -1.0332e+00 +2.9484e-01 +2.5671e+00
119 0 +1.191982608e+00 -6.666801739e+01 -6.666801739e+01 -1.0577e+00 +3.1322e-01 +2.5658e+00
123 0 +1.156884363e+00 -6.670311564e+01 -6.670311564e+01 -1.0625e+00 +3.2033e-01 +2.5506e+00
160 0 +1.147887960e+00 -6.671211204e+01 -6.671211204e+01 -1.0486e+00 +3.1872e-01 +2.5537e+00
176 0 +1.121422002e+00 -6.673857800e+01 -6.673857800e+01 -1.0227e+00 +3.4230e-01 +2.5494e+00
% f evaluations | g evaluations | best noise-free fitness - Fopt (-2.329000000000e+01) + sum g_i+ | measured fitness | best measured fitness or single-digit g-values | x1 | x2...
1 0 +5.523931782e+03 +5.500641782e+03 +5.500641782e+03 +0.0000e+00 +0.0000e+00 +0.0000e+00
2 0 +5.523925870e+03 +5.500635870e+03 +5.500635870e+03 +2.5000e-04 +0.0000e+00 +0.0000e+00
15 0 +5.494919769e+03 +5.471629769e+03 +5.471629769e+03 -1.6667e-03 +8.3333e-05 +3.0833e-03
23 0 +5.365716281e+03 +5.342426281e+03 +5.342426281e+03 -1.2333e-02 +2.4167e-03 +1.6417e-02
27 0 +5.161689211e+03 +5.138399211e+03 +5.138399211e+03 -2.7500e-02 +3.5000e-03 +3.8500e-02
28 0 +5.120097575e+03 +5.096807575e+03 +5.096807575e+03 -3.0889e-02 +5.1111e-03 +4.2694e-02
29 0 +4.973064463e+03 +4.949774463e+03 +4.949774463e+03 -4.2667e-02 +7.3333e-03 +5.8583e-02
31 0 +4.697525617e+03 +4.674235617e+03 +4.674235617e+03 -6.3000e-02 +8.7500e-03 +8.9750e-02
32 0 +4.614302117e+03 +4.591012117e+03 +4.591012117e+03 -7.1278e-02 +1.0306e-02 +9.9056e-02
33 0 +4.297638755e+03 +4.274348755e+03 +4.274348755e+03 -9.8167e-02 +1.4083e-02 +1.3583e-01
34 0 +4.168634825e+03 +4.145344825e+03 +4.145344825e+03 -1.0839e-01 +1.6611e-02 +1.5094e-01
35 0 +3.711435519e+03 +3.688145519e+03 +3.688145519e+03 -1.4883e-01 +2.3167e-02 +2.0717e-01
36 0 +3.538737958e+03 +3.515447958e+03 +3.515447958e+03 -1.6400e-01 +2.3333e-02 +2.2992e-01
37 0 +2.910902879e+03 +2.887612879e+03 +2.887612879e+03 -2.2467e-01 +3.1333e-02 +3.1558e-01
38 0 +2.675768598e+03 +2.652478598e+03 +2.652478598e+03 -2.5144e-01 +3.6972e-02 +3.4931e-01
39 0 +1.874084133e+03 +1.850794133e+03 +1.850794133e+03 -3.4567e-01 +5.1083e-02 +4.7908e-01
40 0 +1.589380331e+03 +1.566090331e+03 +1.566090331e+03 -3.8128e-01 +5.6306e-02 +5.3206e-01
41 0 +7.387554421e+02 +7.154654421e+02 +7.154654421e+02 -5.2283e-01 +7.7417e-02 +7.3017e-01
42 0 +4.931104107e+02 +4.698204107e+02 +4.698204107e+02 -5.7994e-01 +8.3389e-02 +8.0939e-01
43 0 +2.666888421e+01 +3.378884207e+00 +3.378884207e+00 -7.9550e-01 +1.1350e-01 +1.1105e+00
44 0 +2.624827637e+01 +2.958276367e+00 +2.958276367e+00 -8.8467e-01 +1.3000e-01 +1.2309e+00
61 0 +2.413666504e+01 +8.466650368e-01 +8.466650368e-01 -8.0343e-01 +1.1651e-01 +1.1194e+00
66 0 +2.298102064e+01 -3.089793608e-01 -3.089793608e-01 -8.2375e-01 +1.1880e-01 +1.1486e+00
76 0 +2.249998517e+01 -7.900148332e-01 -7.900148332e-01 -8.1854e-01 +1.1862e-01 +1.1407e+00
90 0 +2.234504147e+01 -9.449585348e-01 -9.449585348e-01 -8.1598e-01 +1.1885e-01 +1.1364e+00
95 0 +2.165584163e+01 -1.634158374e+00 -1.634158374e+00 -8.1563e-01 +1.2156e-01 +1.1326e+00
97 0 +2.100129861e+01 -2.288701385e+00 -2.288701385e+00 -8.2395e-01 +1.2482e-01 +1.1419e+00
98 0 +2.086372379e+01 -2.426276214e+00 -2.426276214e+00 -8.2464e-01 +1.2547e-01 +1.1422e+00
99 0 +2.036011112e+01 -2.929888879e+00 -2.929888879e+00 -8.2885e-01 +1.2851e-01 +1.1452e+00
100 0 +1.976696731e+01 -3.523032694e+00 -3.523032694e+00 -8.2392e-01 +1.2902e-01 +1.1369e+00
101 0 +1.873901740e+01 -4.550982599e+00 -4.550982599e+00 -8.2502e-01 +1.3308e-01 +1.1339e+00
103 0 +1.755617886e+01 -5.733821135e+00 -5.733821135e+00 -8.3614e-01 +1.4027e-01 +1.1428e+00
104 0 +1.599187291e+01 -7.298127094e+00 -7.298127094e+00 -8.4223e-01 +1.4800e-01 +1.1433e+00
105 0 +1.534274829e+01 -7.947251712e+00 -7.947251712e+00 -8.4015e-01 +1.4958e-01 +1.1382e+00
106 0 +1.316122555e+01 -1.012877445e+01 -1.012877445e+01 -8.4581e-01 +1.6011e-01 +1.1347e+00
108 0 +1.039210854e+01 -1.289789146e+01 -1.289789146e+01 -8.5975e-01 +1.7771e-01 +1.1359e+00
109 0 +7.605029233e+00 -1.568497077e+01 -1.568497077e+01 -8.7711e-01 +2.0003e-01 +1.1369e+00
110 0 +7.212633519e+00 -1.607736648e+01 -1.607736648e+01 -8.6579e-01 +1.9748e-01 +1.1222e+00
111 0 +4.848437096e+00 -1.844156290e+01 -1.844156290e+01 -8.7757e-01 +2.2222e-01 +1.1116e+00
113 0 +3.981369096e+00 -1.930863090e+01 -1.930863090e+01 -9.2225e-01 +2.6620e-01 +1.1300e+00
117 0 +3.543720825e+00 -1.974627917e+01 -1.974627917e+01 -9.0707e-01 +2.5942e-01 +1.1142e+00
123 0 +3.425426412e+00 -1.986457359e+01 -1.986457359e+01 -9.0113e-01 +2.6066e-01 +1.1035e+00
149 0 +3.387970531e+00 -1.990202947e+01 -1.990202947e+01 -9.0447e-01 +2.6256e-01 +1.1065e+00
238 0 +1.415389651e+00 -2.187461035e+01 -2.187461035e+01 +1.8397e+00 +2.1591e+00 +9.5726e-01
273 0 +1.407297288e+00 -2.188270271e+01 -2.188270271e+01 +1.8403e+00 +2.1570e+00 +9.5524e-01
294 0 +1.374452708e+00 -2.191554729e+01 -2.191554729e+01 +1.8470e+00 +2.1639e+00 +9.5885e-01
300 0 +1.346001251e+00 -2.194399875e+01 -2.194399875e+01 +1.8544e+00 +2.1585e+00 +9.6324e-01
304 0 +1.312686395e+00 -2.197731361e+01 -2.197731361e+01 +1.8692e+00 +2.1616e+00 +9.7164e-01
307 0 +1.254665963e+00 -2.203533404e+01 -2.203533404e+01 +1.8708e+00 +2.1674e+00 +9.6319e-01
308 0 +1.207885882e+00 -2.208211412e+01 -2.208211412e+01 +1.8784e+00 +2.1645e+00 +9.6373e-01
311 0 +1.115103855e+00 -2.217489614e+01 -2.217489614e+01 +1.9009e+00 +2.1715e+00 +9.6565e-01
312 0 +1.036419682e+00 -2.225358032e+01 -2.225358032e+01 +1.9187e+00 +2.1634e+00 +9.7088e-01
315 0 +8.876635544e-01 -2.240233645e+01 -2.240233645e+01 +1.9446e+00 +2.1465e+00 +9.7361e-01
316 0 +7.648457154e-01 -2.252515428e+01 -2.252515428e+01 +1.9777e+00 +2.1375e+00 +9.7855e-01
319 0 +7.083008357e-01 -2.258169916e+01 -2.258169916e+01 +2.0472e+00 +2.1095e+00 +9.9964e-01
321 0 +6.228249860e-01 -2.266717501e+01 -2.266717501e+01 +2.0424e+00 +2.1385e+00 +9.8241e-01
322 0 +5.838403355e-01 -2.270615966e+01 -2.270615966e+01 +2.0771e+00 +2.1456e+00 +9.7725e-01
323 0 +5.370650833e-01 -2.275293492e+01 -2.275293492e+01 +2.0698e+00 +2.1143e+00 +9.8579e-01
324 0 +4.904119942e-01 -2.279958801e+01 -2.279958801e+01 +2.1055e+00 +2.0977e+00 +9.8644e-01
327 0 +4.777871455e-01 -2.281221285e+01 -2.281221285e+01 +2.0740e+00 +2.1431e+00 +9.6157e-01
331 0 +4.217610652e-01 -2.286823893e+01 -2.286823893e+01 +2.1349e+00 +2.0972e+00 +9.7116e-01
337 0 +4.050281973e-01 -2.288497180e+01 -2.288497180e+01 +2.0911e+00 +2.1017e+00 +9.6700e-01
345 0 +3.970180576e-01 -2.289298194e+01 -2.289298194e+01 +2.1162e+00 +2.1027e+00 +9.6180e-01
% f evaluations | g evaluations | best noise-free fitness - Fopt (-1.028000000000e+01) + sum g_i+ | measured fitness | best measured fitness or single-digit g-values | x1 | x2...
1 0 +5.523931782e+03 +5.513651782e+03 +5.513651782e+03 +0.0000e+00 +0.0000e+00 +0.0000e+00
2 0 +5.523925870e+03 +5.513645870e+03 +5.513645870e+03 +2.5000e-04 +0.0000e+00 +0.0000e+00
15 0 +5.494919769e+03 +5.484639769e+03 +5.484639769e+03 -1.6667e-03 +8.3333e-05 +3.0833e-03
23 0 +5.365716281e+03 +5.355436281e+03 +5.355436281e+03 -1.2333e-02 +2.4167e-03 +1.6417e-02
27 0 +5.161689211e+03 +5.151409211e+03 +5.151409211e+03 -2.7500e-02 +3.5000e-03 +3.8500e-02
28 0 +5.120097575e+03 +5.109817575e+03 +5.109817575e+03 -3.0889e-02 +5.1111e-03 +4.2694e-02
29 0 +4.973064463e+03 +4.962784463e+03 +4.962784463e+03 -4.2667e-02 +7.3333e-03 +5.8583e-02
31 0 +4.697525617e+03 +4.687245617e+03 +4.687245617e+03 -6.3000e-02 +8.7500e-03 +8.9750e-02
32 0 +4.614302117e+03 +4.604022117e+03 +4.604022117e+03 -7.1278e-02 +1.0306e-02 +9.9056e-02
33 0 +4.297638755e+03 +4.287358755e+03 +4.287358755e+03 -9.8167e-02 +1.4083e-02 +1.3583e-01
34 0 +4.168634825e+03 +4.158354825e+03 +4.158354825e+03 -1.0839e-01 +1.6611e-02 +1.5094e-01
35 0 +3.711435519e+03 +3.701155519e+03 +3.701155519e+03 -1.4883e-01 +2.3167e-02 +2.0717e-01
36 0 +3.538737958e+03 +3.528457958e+03 +3.528457958e+03 -1.6400e-01 +2.3333e-02 +2.2992e-01
37 0 +2.910902879e+03 +2.900622879e+03 +2.900622879e+03 -2.2467e-01 +3.1333e-02 +3.1558e-01
38 0 +2.675768598e+03 +2.665488598e+03 +2.665488598e+03 -2.5144e-01 +3.6972e-02 +3.4931e-01
39 0 +1.874084133e+03 +1.863804133e+03 +1.863804133e+03 -3.4567e-01 +5.1083e-02 +4.7908e-01
40 0 +1.589380331e+03 +1.579100331e+03 +1.579100331e+03 -3.8128e-01 +5.6306e-02 +5.3206e-01
41 0 +7.387554421e+02 +7.284754421e+02 +7.284754421e+02 -5.2283e-01 +7.7417e-02 +7.3017e-01
42 0 +4.931104107e+02 +4.828304107e+02 +4.828304107e+02 -5.7994e-01 +8.3389e-02 +8.0939e-01
43 0 +2.666888421e+01 +1.638888421e+01 +1.638888421e+01 -7.9550e-01 +1.1350e-01 +1.1105e+00
44 0 +2.624827637e+01 +1.596827637e+01 +1.596827637e+01 -8.8467e-01 +1.3000e-01 +1.2309e+00
61 0 +2.413666504e+01 +1.385666504e+01 +1.385666504e+01 -8.0343e-01 +1.1651e-01 +1.1194e+00
66 0 +2.298102064e+01 +1.270102064e+01 +1.270102064e+01 -8.2375e-01 +1.1880e-01 +1.1486e+00
76 0 +2.249998517e+01 +1.221998517e+01 +1.221998517e+01 -8.1854e-01 +1.1862e-01 +1.1407e+00
90 0 +2.234504147e+01 +1.206504147e+01 +1.206504147e+01 -8.1598e-01 +1.1885e-01 +1.1364e+00
95 0 +2.165584163e+01 +1.137584163e+01 +1.137584163e+01 -8.1563e-01 +1.2156e-01 +1.1326e+00
97 0 +2.100129861e+01 +1.072129861e+01 +1.072129861e+01 -8.2395e-01 +1.2482e-01 +1.1419e+00
98 0 +2.086372379e+01 +1.058372379e+01 +1.058372379e+01 -8.2464e-01 +1.2547e-01 +1.1422e+00
99 0 +2.036011112e+01 +1.008011112e+01 +1.008011112e+01 -8.2885e-01 +1.2851e-01 +1.1452e+00
100 0 +1.976696731e+01 +9.486967306e+00 +9.486967306e+00 -8.2392e-01 +1.2902e-01 +1.1369e+00
101 0 +1.873901740e+01 +8.459017401e+00 +8.459017401e+00 -8.2502e-01 +1.3308e-01 +1.1339e+00
103 0 +1.755617886e+01 +7.276178865e+00 +7.276178865e+00 -8.3614e-01 +1.4027e-01 +1.1428e+00
104 0 +1.599187291e+01 +5.711872906e+00 +5.711872906e+00 -8.4223e-01 +1.4800e-01 +1.1433e+00
105 0 +1.534274829e+01 +5.062748288e+00 +5.062748288e+00 -8.4015e-01 +1.4958e-01 +1.1382e+00
106 0 +1.316122555e+01 +2.881225548e+00 +2.881225548e+00 -8.4581e-01 +1.6011e-01 +1.1347e+00
108 0 +1.039210854e+01 +1.121085439e-01 +1.121085439e-01 -8.5975e-01 +1.7771e-01 +1.1359e+00
109 0 +7.605029233e+00 -2.674970767e+00 -2.674970767e+00 -8.7711e-01 +2.0003e-01 +1.1369e+00
110 0 +7.212633519e+00 -3.067366481e+00 -3.067366481e+00 -8.6579e-01 +1.9748e-01 +1.1222e+00
111 0 +4.848437096e+00 -5.431562904e+00 -5.431562904e+00 -8.7757e-01 +2.2222e-01 +1.1116e+00
113 0 +3.981369096e+00 -6.298630904e+00 -6.298630904e+00 -9.2225e-01 +2.6620e-01 +1.1300e+00
117 0 +3.543720825e+00 -6.736279175e+00 -6.736279175e+00 -9.0707e-01 +2.5942e-01 +1.1142e+00
123 0 +3.425426412e+00 -6.854573588e+00 -6.854573588e+00 -9.0113e-01 +2.6066e-01 +1.1035e+00
149 0 +3.387970531e+00 -6.892029469e+00 -6.892029469e+00 -9.0447e-01 +2.6256e-01 +1.1065e+00
212 0 +2.807717594e+00 -7.472282406e+00 -7.472282406e+00 -2.4850e+00 +1.7698e+00 +2.1158e+00
226 0 +2.354460752e+00 -7.925539248e+00 -7.925539248e+00 -2.4269e+00 +1.7291e+00 +2.1989e+00
228 0 +1.805649262e+00 -8.474350738e+00 -8.474350738e+00 -2.4977e+00 +1.7192e+00 +2.2079e+00
248 0 +1.772904129e+00 -8.507095871e+00 -8.507095871e+00 -2.5017e+00 +1.7277e+00 +2.2007e+00
482 0 +1.731543600e+00 -8.548456400e+00 -8.548456400e+00 +2.1456e+00 +1.6993e-01 +2.2331e+00
484 0 +1.301188103e+00 -8.978811897e+00 -8.978811897e+00 +2.0979e+00 +1.0043e-01 +2.2331e+00
486 0 +1.187452757e+00 -9.092547243e+00 -9.092547243e+00 +2.1318e+00 +9.6669e-02 +2.2632e+00
495 0 +1.162832675e+00 -9.117167325e+00 -9.117167325e+00 +2.0816e+00 +9.5204e-02 +2.2737e+00
498 0 +1.129125203e+00 -9.150874797e+00 -9.150874797e+00 +2.1161e+00 +5.5959e-02 +2.2761e+00
508 0 +1.120522271e+00 -9.159477729e+00 -9.159477729e+00 +2.0998e+00 +7.6337e-02 +2.2702e+00
776 0 +9.741212036e-01 -9.305878796e+00 -9.305878796e+00 +2.2022e+00 +1.4359e+00 +2.2583e+00
782 0 +9.064411886e-01 -9.373558811e+00 -9.373558811e+00 +2.1888e+00 +1.5046e+00 +2.2463e+00
784 0 +8.179304181e-01 -9.462069582e+00 -9.462069582e+00 +2.1776e+00 +1.4684e+00 +2.2676e+00
785 0 +7.980717061e-01 -9.481928294e+00 -9.481928294e+00 +2.1482e+00 +1.4647e+00 +2.2768e+00
787 0 +7.619333810e-01 -9.518066619e+00 -9.518066619e+00 +2.1087e+00 +1.5178e+00 +2.2574e+00
792 0 +7.475237019e-01 -9.532476298e+00 -9.532476298e+00 +2.1239e+00 +1.4726e+00 +2.2591e+00
795 0 +7.310235533e-01 -9.548976447e+00 -9.548976447e+00 +2.1002e+00 +1.4846e+00 +2.2618e+00
812 0 +7.243697370e-01 -9.555630263e+00 -9.555630263e+00 +2.1039e+00 +1.4914e+00 +2.2587e+00
% f evaluations | g evaluations | best noise-free fitness - Fopt (1.799700000000e+02) + sum g_i+ | measured fitness | best measured fitness or single-digit g-values | x1 | x2...
1 0 +5.523931782e+03 +5.703901782e+03 +5.703901782e+03 +0.0000e+00 +0.0000e+00 +0.0000e+00
3 0 +5.523322785e+03 +5.703292785e+03 +5.703292785e+03 +0.0000e+00 +2.5000e-04 +0.0000e+00
15 0 +5.494850227e+03 +5.674820227e+03 +5.674820227e+03 -1.2500e-03 +8.3333e-05 +3.0833e-03
23 0 +5.365287162e+03 +5.545257162e+03 +5.545257162e+03 -6.2500e-03 +2.4167e-03 +1.6417e-02
27 0 +5.160734520e+03 +5.340704520e+03 +5.340704520e+03 -1.4250e-02 +3.5000e-03 +3.8500e-02
28 0 +5.119058258e+03 +5.299028258e+03 +5.299028258e+03 -1.6667e-02 +5.1111e-03 +4.2694e-02
29 0 +4.971707760e+03 +5.151677760e+03 +5.151677760e+03 -2.3000e-02 +7.3333e-03 +5.8583e-02
31 0 +4.695555508e+03 +4.875525508e+03 +4.875525508e+03 -3.5250e-02 +8.7500e-03 +8.9750e-02
32 0 +4.612185779e+03 +4.792155779e+03 +4.792155779e+03 -3.7833e-02 +1.0306e-02 +9.9056e-02
33 0 +4.294980064e+03 +4.474950064e+03 +4.474950064e+03 -5.1500e-02 +1.4083e-02 +1.3583e-01
34 0 +4.165907806e+03 +4.345877806e+03 +4.345877806e+03 -5.8917e-02 +1.6611e-02 +1.5094e-01
35 0 +3.708314431e+03 +3.888284431e+03 +3.888284431e+03 -8.1250e-02 +2.3167e-02 +2.0717e-01
36 0 +3.535148781e+03 +3.715118781e+03 +3.715118781e+03 -8.9000e-02 +2.3333e-02 +2.2992e-01
37 0 +2.906364208e+03 +3.086334208e+03 +3.086334208e+03 -1.2200e-01 +3.1333e-02 +3.1558e-01
38 0 +2.671116994e+03 +2.851086994e+03 +2.851086994e+03 -1.3458e-01 +3.6972e-02 +3.4931e-01
39 0 +1.868000603e+03 +2.047970603e+03 +2.047970603e+03 -1.8425e-01 +5.1083e-02 +4.7908e-01
40 0 +1.582731042e+03 +1.762701042e+03 +1.762701042e+03 -2.0683e-01 +5.6306e-02 +5.3206e-01
41 0 +7.297751987e+02 +9.097451987e+02 +9.097451987e+02 -2.8450e-01 +7.7417e-02 +7.3017e-01
42 0 +4.823375465e+02 +6.623075465e+02 +6.623075465e+02 -3.1258e-01 +8.3389e-02 +8.0939e-01
43 0 +9.288186207e+00 +1.892581862e+02 +1.892581862e+02 -4.2825e-01 +1.1350e-01 +1.1105e+00
44 0 +6.855650731e+00 +1.868256507e+02 +1.868256507e+02 -4.7600e-01 +1.3000e-01 +1.2309e+00
45 0 +5.454002862e+00 +1.854240029e+02 +1.854240029e+02 -6.5300e-01 +1.7933e-01 +1.6886e+00
46 0 +5.125338862e+00 +1.850953389e+02 +1.850953389e+02 -7.2625e-01 +1.9575e-01 +1.8737e+00
47 0 +1.458591335e+00 +1.814285913e+02 +1.814285913e+02 -9.9725e-01 +2.6808e-01 +2.5711e+00
99 0 +1.444342550e+00 +1.814143425e+02 +1.814143425e+02 -9.9860e-01 +2.6928e-01 +2.5701e+00
108 0 +1.410310937e+00 +1.813803109e+02 +1.813803109e+02 -1.0073e+00 +2.7424e-01 +2.5759e+00
110 0 +1.376318191e+00 +1.813463182e+02 +1.813463182e+02 -1.0086e+00 +2.7603e-01 +2.5703e+00
112 0 +1.346042403e+00 +1.813160424e+02 +1.813160424e+02 -1.0129e+00 +2.8008e-01 +2.5709e+00
115 0 +1.285457989e+00 +1.812554580e+02 +1.812554580e+02 -1.0246e+00 +2.8797e-01 +2.5700e+00
116 0 +1.238940102e+00 +1.812089401e+02 +1.812089401e+02 -1.0332e+00 +2.9484e-01 +2.5671e+00
119 0 +1.191982608e+00 +1.811619826e+02 +1.811619826e+02 -1.0577e+00 +3.1322e-01 +2.5658e+00
123 0 +1.156884363e+00 +1.811268844e+02 +1.811268844e+02 -1.0625e+00 +3.2033e-01 +2.5506e+00
160 0 +1.147887960e+00 +1.811178880e+02 +1.811178880e+02 -1.0486e+00 +3.1872e-01 +2.5537e+00
176 0 +1.121422002e+00 +1.810914220e+02 +1.810914220e+02 -1.0227e+00 +3.4230e-01 +2.5494e+00
633 0 +9.788463880e-01 +1.809488464e+02 +1.809488464e+02 +1.6001e+00 +3.0645e+00 +7.1722e-01
634 0 +8.753278180e-01 +1.808453278e+02 +1.808453278e+02 +1.5780e+00 +3.0383e+00 +7.3310e-01
637 0 +8.594210784e-01 +1.808294211e+02 +1.808294211e+02 +1.5008e+00 +2.9729e+00 +7.5119e-01
640 0 +8.170268159e-01 +1.807870268e+02 +1.807870268e+02 +1.4996e+00 +3.0270e+00 +7.2780e-01
642 0 +8.115344362e-01 +1.807815344e+02 +1.807815344e+02 +1.5369e+00 +3.0191e+00 +7.2420e-01
653 0 +7.934471094e-01 +1.807634471e+02 +1.807634471e+02 +1.5233e+00 +3.0128e+00 +7.3056e-01
811 0 +7.676624259e-01 +1.807376624e+02 +1.807376624e+02 -2.1048e+00 +2.0958e+00 +6.4851e-01
% f evaluations | g evaluations | best noise-free fitness - Fopt (8.376000000000e+01) + sum g_i+ | measured fitness | best measured fitness or single-digit g-values | x1 | x2...
1 0 +5.523931782e+03 +5.607691782e+03 +5.607691782e+03 +0.0000e+00 +0.0000e+00 +0.0000e+00
3 0 +5.523322785e+03 +5.607082785e+03 +5.607082785e+03 +0.0000e+00 +2.5000e-04 +0.0000e+00
15 0 +5.494850227e+03 +5.578610227e+03 +5.578610227e+03 -1.2500e-03 +8.3333e-05 +3.0833e-03
23 0 +5.365287162e+03 +5.449047162e+03 +5.449047162e+03 -6.2500e-03 +2.4167e-03 +1.6417e-02
27 0 +5.160734520e+03 +5.244494520e+03 +5.244494520e+03 -1.4250e-02 +3.5000e-03 +3.8500e-02
28 0 +5.119058258e+03 +5.202818258e+03 +5.202818258e+03 -1.6667e-02 +5.1111e-03 +4.2694e-02
29 0 +4.971707760e+03 +5.055467760e+03 +5.055467760e+03 -2.3000e-02 +7.3333e-03 +5.8583e-02
31 0 +4.695555508e+03 +4.779315508e+03 +4.779315508e+03 -3.5250e-02 +8.7500e-03 +8.9750e-02
32 0 +4.612185779e+03 +4.695945779e+03 +4.695945779e+03 -3.7833e-02 +1.0306e-02 +9.9056e-02
33 0 +4.294980064e+03 +4.378740064e+03 +4.378740064e+03 -5.1500e-02 +1.4083e-02 +1.3583e-01
34 0 +4.165907806e+03 +4.249667806e+03 +4.249667806e+03 -5.8917e-02 +1.6611e-02 +1.5094e-01
35 0 +3.708314431e+03 +3.792074431e+03 +3.792074431e+03 -8.1250e-02 +2.3167e-02 +2.0717e-01
36 0 +3.535148781e+03 +3.618908781e+03 +3.618908781e+03 -8.9000e-02 +2.3333e-02 +2.2992e-01
37 0 +2.906364208e+03 +2.990124208e+03 +2.990124208e+03 -1.2200e-01 +3.1333e-02 +3.1558e-01
38 0 +2.671116994e+03 +2.754876994e+03 +2.754876994e+03 -1.3458e-01 +3.6972e-02 +3.4931e-01
39 0 +1.868000603e+03 +1.951760603e+03 +1.951760603e+03 -1.8425e-01 +5.1083e-02 +4.7908e-01
40 0 +1.582731042e+03 +1.666491042e+03 +1.666491042e+03 -2.0683e-01 +5.6306e-02 +5.3206e-01
41 0 +7.297751987e+02 +8.135351987e+02 +8.135351987e+02 -2.8450e-01 +7.7417e-02 +7.3017e-01
42 0 +4.823375465e+02 +5.660975465e+02 +5.660975465e+02 -3.1258e-01 +8.3389e-02 +8.0939e-01
43 0 +9.288186207e+00 +9.304818621e+01 +9.304818621e+01 -4.2825e-01 +1.1350e-01 +1.1105e+00
44 0 +6.855650731e+00 +9.061565073e+01 +9.061565073e+01 -4.7600e-01 +1.3000e-01 +1.2309e+00
45 0 +5.454002862e+00 +8.921400286e+01 +8.921400286e+01 -6.5300e-01 +1.7933e-01 +1.6886e+00
46 0 +5.125338862e+00 +8.888533886e+01 +8.888533886e+01 -7.2625e-01 +1.9575e-01 +1.8737e+00
47 0 +1.458591335e+00 +8.521859133e+01 +8.521859133e+01 -9.9725e-01 +2.6808e-01 +2.5711e+00
99 0 +1.444342550e+00 +8.520434255e+01 +8.520434255e+01 -9.9860e-01 +2.6928e-01 +2.5701e+00
108 0 +1.410310937e+00 +8.517031094e+01 +8.517031094e+01 -1.0073e+00 +2.7424e-01 +2.5759e+00
110 0 +1.376318191e+00 +8.513631819e+01 +8.513631819e+01 -1.0086e+00 +2.7603e-01 +2.5703e+00
112 0 +1.346042403e+00 +8.510604240e+01 +8.510604240e+01 -1.0129e+00 +2.8008e-01 +2.5709e+00
115 0 +1.285457989e+00 +8.504545799e+01 +8.504545799e+01 -1.0246e+00 +2.8797e-01 +2.5700e+00
116 0 +1.238940102e+00 +8.499894010e+01 +8.499894010e+01 -1.0332e+00 +2.9484e-01 +2.5671e+00
119 0 +1.191982608e+00 +8.495198261e+01 +8.495198261e+01 -1.0577e+00 +3.1322e-01 +2.5658e+00
123 0 +1.156884363e+00 +8.491688436e+01 +8.491688436e+01 -1.0625e+00 +3.2033e-01 +2.5506e+00
160 0 +1.147887960e+00 +8.490788796e+01 +8.490788796e+01 -1.0486e+00 +3.1872e-01 +2.5537e+00
176 0 +1.121422002e+00 +8.488142200e+01 +8.488142200e+01 -1.0227e+00 +3.4230e-01 +2.5494e+00
% f evaluations | g evaluations | best noise-free fitness - Fopt (-3.890100000000e+02) + sum g_i+ | measured fitness | best measured fitness or single-digit g-values | x1 | x2...
1 0 +5.523931782e+03 +5.134921782e+03 +5.134921782e+03 +0.0000e+00 +0.0000e+00 +0.0000e+00
5 0 +5.521999716e+03 +5.132989716e+03 +5.132989716e+03 +1.6667e-04 +1.6667e-04 -2.5000e-04
15 0 +5.493238879e+03 +5.104228879e+03 +5.104228879e+03 +9.7222e-04 +8.3333e-04 -3.5000e-03
23 0 +5.369951637e+03 +4.980941637e+03 +4.980941637e+03 +4.9722e-03 +2.7222e-03 -1.7278e-02
26 0 +5.192718030e+03 +4.803708030e+03 +4.803708030e+03 +1.0333e-02 +6.5833e-03 -3.7667e-02
28 0 +5.042513934e+03 +4.653503934e+03 +4.653503934e+03 +1.6667e-02 +9.0000e-03 -5.5000e-02
29 0 +4.985505614e+03 +4.596495614e+03 +4.596495614e+03 +1.7583e-02 +9.8056e-03 -6.1611e-02
30 0 +4.792329189e+03 +4.403319189e+03 +4.403319189e+03 +2.3917e-02 +1.3250e-02 -8.4500e-02
31 0 +4.710460361e+03 +4.321450361e+03 +4.321450361e+03 +2.7194e-02 +1.5722e-02 -9.4611e-02
32 0 +4.422523246e+03 +4.033513246e+03 +4.033513246e+03 +3.7417e-02 +2.1833e-02 -1.3017e-01
33 0 +4.325481014e+03 +3.936471014e+03 +3.936471014e+03 +4.1667e-02 +2.2806e-02 -1.4211e-01
34 0 +3.922084680e+03 +3.533074680e+03 +3.533074680e+03 +5.7333e-02 +3.0917e-02 -1.9433e-01
35 0 +3.749134851e+03 +3.360124851e+03 +3.360124851e+03 +6.2444e-02 +3.5000e-02 -2.1767e-01
36 0 +3.174541245e+03 +2.785531245e+03 +2.785531245e+03 +8.5333e-02 +4.8000e-02 -2.9900e-01
37 0 +2.962182944e+03 +2.573172944e+03 +2.573172944e+03 +9.6139e-02 +5.3917e-02 -3.3117e-01
38 0 +2.213423760e+03 +1.824413760e+03 +1.824413760e+03 +1.3225e-01 +7.4250e-02 -4.5450e-01
39 0 +1.953984589e+03 +1.564974589e+03 +1.564974589e+03 +1.4586e-01 +8.0278e-02 -5.0172e-01
40 0 +1.112201520e+03 +7.231915199e+02 +7.231915199e+02 +2.0008e-01 +1.0950e-01 -6.8750e-01
41 0 +8.373875166e+02 +4.483775166e+02 +4.483775166e+02 +2.2111e-01 +1.2358e-01 -7.6633e-01
42 0 +2.154995508e+02 -1.735104492e+02 -1.735104492e+02 +3.0300e-01 +1.6992e-01 -1.0523e+00
43 0 +1.400082988e+02 -2.490017012e+02 -2.490017012e+02 +3.3822e-01 +1.8778e-01 -1.1639e+00
49 0 +1.373841139e+02 -2.516258861e+02 -2.516258861e+02 +3.5179e-01 +1.9624e-01 -1.2179e+00
79 0 +1.346242639e+02 -2.543857361e+02 -2.543857361e+02 +3.4647e-01 +1.9168e-01 -1.1969e+00
88 0 +1.312590721e+02 -2.577509279e+02 -2.577509279e+02 +3.4580e-01 +1.8866e-01 -1.2006e+00
91 0 +1.268340655e+02 -2.621759345e+02 -2.621759345e+02 +3.4349e-01 +1.8353e-01 -1.1982e+00
93 0 +1.238466113e+02 -2.651633887e+02 -2.651633887e+02 +3.4353e-01 +1.8100e-01 -1.2051e+00
94 0 +1.197636092e+02 -2.692463908e+02 -2.692463908e+02 +3.4131e-01 +1.7634e-01 -1.2037e+00
96 0 +1.151052821e+02 -2.739047179e+02 -2.739047179e+02 +3.4170e-01 +1.7103e-01 -1.2145e+00
97 0 +1.135388227e+02 -2.754711773e+02 -2.754711773e+02 +3.3618e-01 +1.6792e-01 -1.1927e+00
98 0 +1.079946968e+02 -2.810153032e+02 -2.810153032e+02 +3.3018e-01 +1.5887e-01 -1.1800e+00
99 0 +1.010611587e+02 -2.879488413e+02 -2.879488413e+02 +3.3197e-01 +1.5396e-01 -1.2007e+00
100 0 +8.950023829e+01 -2.995097617e+02 -2.995097617e+02 +3.2621e-01 +1.3917e-01 -1.2019e+00
101 0 +8.778039525e+01 -3.012296047e+02 -3.012296047e+02 +3.2409e-01 +1.3637e-01 -1.1939e+00
102 0 +7.370411635e+01 -3.153058836e+02 -3.153058836e+02 +3.1548e-01 +1.1639e-01 -1.1890e+00
103 0 +6.942750038e+01 -3.195824996e+02 -3.195824996e+02 +3.0622e-01 +1.0526e-01 -1.1661e+00
104 0 +5.519905897e+01 -3.338109410e+02 -3.338109410e+02 +2.8848e-01 +7.2380e-02 -1.1419e+00
105 0 +4.065849703e+01 -3.483515030e+02 -3.483515030e+02 +2.8993e-01 +5.9754e-02 -1.1752e+00
106 0 +1.995863460e+01 -3.690513654e+02 -3.690513654e+02 +2.6980e-01 +1.0195e-02 -1.1728e+00
107 0 +1.992616790e+01 -3.690838321e+02 -3.690838321e+02 +2.5629e-01 -6.5334e-03 -1.1339e+00
108 0 +1.437417591e+01 -3.746358241e+02 -3.746358241e+02 +2.2133e-01 -7.9387e-02 -1.0998e+00
110 0 +6.867593401e+00 -3.821424066e+02 -3.821424066e+02 +1.7511e-01 -1.9468e-01 -1.0981e+00
111 0 +5.577927574e+00 -3.834320724e+02 -3.834320724e+02 +1.1843e-01 -3.2821e-01 -1.0763e+00
113 0 +4.978928605e+00 -3.840310714e+02 -3.840310714e+02 +2.2557e-01 -8.1879e-02 -1.1303e+00
114 0 +4.466571796e+00 -3.845434282e+02 -3.845434282e+02 +1.7262e-01 -2.1206e-01 -1.1169e+00
117 0 +3.351219174e+00 -3.856587808e+02 -3.856587808e+02 +2.2909e-01 -9.1333e-02 -1.1658e+00
131 0 +3.257462072e+00 -3.857525379e+02 -3.857525379e+02 +2.1514e-01 -1.1569e-01 -1.1434e+00
135 0 +3.045125511e+00 -3.859648745e+02 -3.859648745e+02 +2.2655e-01 -9.1575e-02 -1.1530e+00
141 0 +3.005846498e+00 -3.860041535e+02 -3.860041535e+02 +2.2582e-01 -9.0627e-02 -1.1476e+00
226 0 +2.891717848e+00 -3.861182822e+02 -3.861182822e+02 +1.6844e+00 -9.2326e-01 -1.5733e+00
227 0 +2.603980776e+00 -3.864060192e+02 -3.864060192e+02 +1.2310e+00 -8.8718e-01 -1.2162e+00
228 0 +2.441415373e+00 -3.865685846e+02 -3.865685846e+02 +1.4856e+00 -8.8592e-01 -1.8209e+00
239 0 +2.254482995e+00 -3.867555170e+02 -3.867555170e+02 +1.4595e+00 -9.4888e-01 -1.7215e+00
253 0 +2.077785425e+00 -3.869322146e+02 -3.869322146e+02 +1.5189e+00 -9.4218e-01 -1.8487e+00
256 0 +1.995418158e+00 -3.870145818e+02 -3.870145818e+02 +1.5167e+00 -9.7649e-01 -1.8359e+00
270 0 +1.985049691e+00 -3.870249503e+02 -3.870249503e+02 +1.5101e+00 -9.6742e-01 -1.8203e+00
% f evaluations | g evaluations | best noise-free fitness - Fopt (-1.455800000000e+02) + sum g_i+ | measured fitness | best measured fitness or single-digit g-values | x1 | x2...
1 0 +5.523931782e+03 +5.378351782e+03 +5.378351782e+03 +0.0000e+00 +0.0000e+00 +0.0000e+00
2 0 +5.523925870e+03 +5.378345870e+03 +5.378345870e+03 +2.5000e-04 +0.0000e+00 +0.0000e+00
16 0 +5.488833160e+03 +5.343253160e+03 +5.343253160e+03 +5.0000e-04 -2.2500e-03 +3.1667e-03
24 0 +5.319751839e+03 +5.174171839e+03 +5.174171839e+03 +2.1667e-03 -1.2250e-02 +1.8833e-02
26 0 +5.225836296e+03 +5.080256296e+03 +5.080256296e+03 +2.0833e-03 -1.8500e-02 +2.7500e-02
28 0 +5.068470197e+03 +4.922890197e+03 +4.922890197e+03 +5.3333e-03 -2.9000e-02 +4.2250e-02
30 0 +4.834600149e+03 +4.689020149e+03 +4.689020149e+03 +6.0833e-03 -4.3250e-02 +6.5083e-02
31 0 +4.771641138e+03 +4.626061138e+03 +4.626061138e+03 +6.8333e-03 -4.8250e-02 +7.1056e-02
32 0 +4.509343314e+03 +4.363763314e+03 +4.363763314e+03 +9.1667e-03 -6.6250e-02 +9.7167e-02
33 0 +4.395489513e+03 +4.249909513e+03 +4.249909513e+03 +1.1639e-02 -7.3833e-02 +1.0883e-01
34 0 +4.007381838e+03 +3.861801838e+03 +3.861801838e+03 +1.6417e-02 -1.0150e-01 +1.4950e-01
35 0 +3.860221082e+03 +3.714641082e+03 +3.714641082e+03 +1.5778e-02 -1.1167e-01 +1.6558e-01
36 0 +3.316380476e+03 +3.170800476e+03 +3.170800476e+03 +2.1000e-02 -1.5300e-01 +2.2725e-01
37 0 +3.115569915e+03 +2.969989915e+03 +2.969989915e+03 +2.4972e-02 -1.7058e-01 +2.5086e-01
38 0 +2.393050961e+03 +2.247470961e+03 +2.247470961e+03 +3.4417e-02 -2.3425e-01 +3.4375e-01
39 0 +2.117248024e+03 +1.971668024e+03 +1.971668024e+03 +3.8722e-02 -2.5958e-01 +3.8317e-01
40 0 +1.255548177e+03 +1.109968177e+03 +1.109968177e+03 +5.3500e-02 -3.5625e-01 +5.2617e-01
41 0 +9.817056825e+02 +8.361256825e+02 +8.361256825e+02 +5.6194e-02 -3.9417e-01 +5.8194e-01
42 0 +2.376285868e+02 +9.204858676e+01 +9.204858676e+01 +7.6083e-02 -5.4050e-01 +7.9817e-01
43 0 +7.996835462e+01 -6.561164538e+01 -6.561164538e+01 +8.8333e-02 -6.0100e-01 +8.8481e-01
44 0 +4.612248819e+00 -1.409677512e+02 -1.409677512e+02 +1.2200e-01 -8.2500e-01 +1.2136e+00
46 0 +4.362619749e+00 -1.412173803e+02 -1.412173803e+02 +1.6743e-01 -1.1631e+00 +1.7138e+00
47 0 +3.251559956e+00 -1.423284400e+02 -1.423284400e+02 +2.2439e-01 -1.5666e+00 +2.3076e+00
67 0 +2.999570456e+00 -1.425804295e+02 -1.425804295e+02 +2.1594e-01 -1.5046e+00 +2.2157e+00
69 0 +2.789256256e+00 -1.427907437e+02 -1.427907437e+02 +2.2227e-01 -1.5488e+00 +2.2807e+00
71 0 +2.743121870e+00 -1.428368781e+02 -1.428368781e+02 +2.1757e-01 -1.5175e+00 +2.2347e+00
77 0 +2.662945911e+00 -1.429170541e+02 -1.429170541e+02 +2.2067e-01 -1.5383e+00 +2.2654e+00
149 0 +2.629925517e+00 -1.429500745e+02 -1.429500745e+02 +2.2156e-01 -1.5336e+00 +2.2563e+00
160 0 +2.568271613e+00 -1.430117284e+02 -1.430117284e+02 +2.3429e-01 -1.5451e+00 +2.2579e+00
169 0 +2.500549949e+00 -1.430794501e+02 -1.430794501e+02 +2.6653e-01 -1.5720e+00 +2.2582e+00
175 0 +2.452129982e+00 -1.431278700e+02 -1.431278700e+02 +2.6406e-01 -1.5651e+00 +2.2500e+00
337 0 +2.128450329e+00 -1.434515497e+02 -1.434515497e+02 +2.1056e+00 -2.5158e-03 +1.7079e+00
341 0 +1.755221718e+00 -1.438247783e+02 -1.438247783e+02 +2.0005e+00 -1.5558e-01 +1.7395e+00
344 0 +1.659995967e+00 -1.439200040e+02 -1.439200040e+02 +2.1036e+00 -1.0717e-01 +1.7786e+00
346 0 +1.449885764e+00 -1.441301142e+02 -1.441301142e+02 +2.0836e+00 -4.7665e-02 +1.7459e+00
356 0 +1.411293082e+00 -1.441687069e+02 -1.441687069e+02 +2.1065e+00 -4.6685e-02 +1.7564e+00
616 0 +1.082430871e+00 -1.444975691e+02 -1.444975691e+02 +2.1175e+00 -1.7654e-01 +2.6147e+00
634 0 +1.031414409e+00 -1.445485856e+02 -1.445485856e+02 +2.0927e+00 -1.7991e-01 +2.6109e+00
638 0 +9.660666822e-01 -1.446139333e+02 -1.446139333e+02 +2.1024e+00 -1.7940e-01 +2.5745e+00
646 0 +9.491114189e-01 -1.446308886e+02 -1.446308886e+02 +2.1060e+00 -1.7879e-01 +2.5909e+00
664 0 +9.295335582e-01 -1.446504664e+02 -1.446504664e+02 +2.0937e+00 -1.7981e-01 +2.5871e+00
671 0 +9.088977069e-01 -1.446711023e+02 -1.446711023e+02 +2.0704e+00 -1.8122e-01 +2.5861e+00
699 0 +8.881449310e-01 -1.446918551e+02 -1.446918551e+02 +2.0614e+00 -1.7914e-01 +2.5915e+00
705 0 +8.652984130e-01 -1.447147016e+02 -1.447147016e+02 +2.0776e+00 -1.7418e-01 +2.5945e+00
709 0 +8.351784407e-01 -1.447448216e+02 -1.447448216e+02 +2.1012e+00 -1.6506e-01 +2.5999e+00
710 0 +8.231455083e-01 -1.447568545e+02 -1.447568545e+02 +2.1137e+00 -1.6066e-01 +2.6002e+00
712 0 +7.957081657e-01 -1.447842918e+02 -1.447842918e+02 +2.0767e+00 -1.6337e-01 +2.6029e+00
714 0 +7.863889525e-01 -1.447936110e+02 -1.447936110e+02 +2.1013e+00 -1.6102e-01 +2.5886e+00
715 0 +7.407067949e-01 -1.448392932e+02 -1.448392932e+02 +2.1141e+00 -1.5115e-01 +2.5992e+00
716 0 +7.029031182e-01 -1.448770969e+02 -1.448770969e+02 +2.1309e+00 -1.4063e-01 +2.6011e+00
717 0 +6.831382092e-01 -1.448968618e+02 -1.448968618e+02 +2.0923e+00 -1.4935e-01 +2.5949e+00
718 0 +6.342876987e-01 -1.449457123e+02 -1.449457123e+02 +2.0816e+00 -1.4370e-01 +2.5922e+00
720 0 +5.522416828e-01 -1.450277583e+02 -1.450277583e+02 +2.1287e+00 -1.1756e-01 +2.5970e+00
721 0 +4.869917130e-01 -1.450930083e+02 -1.450930083e+02 +2.1423e+00 -9.5827e-02 +2.6013e+00
723 0 +4.350126755e-01 -1.451449873e+02 -1.451449873e+02 +2.0879e+00 -9.8210e-02 +2.6003e+00
724 0 +4.221007298e-01 -1.451578993e+02 -1.451578993e+02 +2.0656e+00 -8.0550e-02 +2.6079e+00
728 0 +4.105541884e-01 -1.451694458e+02 -1.451694458e+02 +2.1230e+00 -7.5682e-02 +2.6065e+00
731 0 +4.018749123e-01 -1.451781251e+02 -1.451781251e+02 +2.1027e+00 -6.0264e-02 +2.6180e+00
737 0 +3.970906083e-01 -1.451829094e+02 -1.451829094e+02 +2.1136e+00 -7.2144e-02 +2.6118e+00
