% f evaluations | g evaluations | best noise-free fitness - Fopt (6.870000000000e+00) + sum g_i+ | measured fitness | best measured fitness or single-digit g-values | x1 | x2...
1 0 +2.483510099e+01 +3.170510099e+01 +3.170510099e+01 +0.0000e+00 +0.0000e+00
4 0 +2.469409395e+01 +3.156409395e+01 +3.156409395e+01 +2.5000e-04 -2.5000e-04
5 0 +2.390587749e+01 +3.077587749e+01 +3.077587749e+01 +3.7500e-04 -5.0000e-04
6 0 +2.265892655e+01 +2.952892655e+01 +2.952892655e+01 +1.2500e-04 -5.0000e-04
36 0 +2.226309590e+01 +2.913309590e+01 +2.913309590e+01 -5.4242e-04 -4.8218e-05
39 0 +2.176152723e+01 +2.863152723e+01 +2.863152723e+01 -1.3103e-03 +4.6649e-04
40 0 +2.132645048e+01 +2.819645048e+01 +2.819645048e+01 -1.8467e-03 +8.2852e-04
41 0 +2.086676660e+01 +2.773676660e+01 +2.773676660e+01 -2.3098e-03 +1.1339e-03
42 0 +2.028368273e+01 +2.715368273e+01 +2.715368273e+01 -3.1935e-03 +1.7249e-03
43 0 +1.951121764e+01 +2.638121764e+01 +2.638121764e+01 -4.0346e-03 +2.2963e-03
44 0 +1.886504926e+01 +2.573504926e+01 +2.573504926e+01 -5.5491e-03 +3.3159e-03
53 0 +1.861600888e+01 +2.548600888e+01 +2.548600888e+01 -4.9077e-03 +2.8824e-03
119 0 +1.819553648e+01 +2.506553648e+01 +2.506553648e+01 -5.1930e-03 +3.1053e-03
170 0 +8.570949673e+00 +1.544094967e+01 +1.544094967e+01 -3.1644e+00 -1.6883e+00
179 0 +2.704948281e+00 +9.574948281e+00 +9.574948281e+00 -3.1843e+00 -1.6809e+00
188 0 +1.802508516e+00 +8.672508516e+00 +8.672508516e+00 -3.1763e+00 -1.6865e+00
193 0 +1.590848259e+00 +8.460848259e+00 +8.460848259e+00 -3.1694e+00 -1.6910e+00
194 0 +9.296364439e-01 +7.799636444e+00 +7.799636444e+00 -3.1619e+00 -1.6961e+00
198 0 +4.832042148e-01 +7.353204215e+00 +7.353204215e+00 -3.1575e+00 -1.6993e+00
200 0 +2.851375521e-01 +7.155137552e+00 +7.155137552e+00 -3.1531e+00 -1.7023e+00
205 0 +2.067052486e-01 +7.076705249e+00 +7.076705249e+00 -3.1561e+00 -1.7001e+00
206 0 +1.742094329e-01 +7.044209433e+00 +7.044209433e+00 -3.1550e+00 -1.7010e+00
209 0 +1.522563814e-01 +7.022256381e+00 +7.022256381e+00 -3.1543e+00 -1.7014e+00
211 0 +4.301686149e-02 +6.913016861e+00 +6.913016861e+00 -3.1554e+00 -1.7007e+00
218 0 +3.903571303e-02 +6.909035713e+00 +6.909035713e+00 -3.1550e+00 -1.7009e+00
220 0 +2.659264477e-02 +6.896592645e+00 +6.896592645e+00 -3.1552e+00 -1.7008e+00
222 0 +1.313008827e-02 +6.883130088e+00 +6.883130088e+00 -3.1552e+00 -1.7008e+00
224 0 +1.170461624e-02 +6.881704616e+00 +6.881704616e+00 -3.1551e+00 -1.7009e+00
228 0 +7.225596649e-03 +6.877225597e+00 +6.877225597e+00 -3.1552e+00 -1.7008e+00
230 0 +6.180691187e-03 +6.876180691e+00 +6.876180691e+00 -3.1552e+00 -1.7008e+00
234 0 +5.053939071e-03 +6.875053939e+00 +6.875053939e+00 -3.1552e+00 -1.7008e+00
235 0 +5.007892433e-03 +6.875007892e+00 +6.875007892e+00 -3.1552e+00 -1.7008e+00
237 0 +4.025695126e-03 +6.874025695e+00 +6.874025695e+00 -3.1552e+00 -1.7008e+00
240 0 +2.133332975e-03 +6.872133333e+00 +6.872133333e+00 -3.1552e+00 -1.7008e+00
242 0 +1.460459262e-03 +6.871460459e+00 +6.871460459e+00 -3.1552e+00 -1.7008e+00
246 0 +5.167750038e-04 +6.870516775e+00 +6.870516775e+00 -3.1552e+00 -1.7008e+00
254 0 +4.550896828e-04 +6.870455090e+00 +6.870455090e+00 -3.1552e+00 -1.7008e+00
% f evaluations | g evaluations | best noise-free fitness - Fopt (1.000000000000e-02) + sum g_i+ | measured fitness | best measured fitness or single-digit g-values | x1 | x2...
1 0 +3.874812351e+01 +3.875812351e+01 +3.875812351e+01 +0.0000e+00 +0.0000e+00
4 0 +3.836078074e+01 +3.837078074e+01 +3.837078074e+01 +2.5000e-04 -2.5000e-04
5 0 +3.717908556e+01 +3.718908556e+01 +3.718908556e+01 +3.7500e-04 -5.0000e-04
6 0 +3.615639433e+01 +3.616639433e+01 +3.616639433e+01 +1.2500e-04 -5.0000e-04
8 0 +3.500350273e+01 +3.501350273e+01 +3.501350273e+01 +4.3750e-04 -1.2500e-03
9 0 +3.362720659e+01 +3.363720659e+01 +3.363720659e+01 +6.5625e-04 -1.8750e-03
10 0 +3.261360045e+01 +3.262360045e+01 +3.262360045e+01 +3.4375e-04 -2.1250e-03
11 0 +2.877401111e+01 +2.878401111e+01 +2.878401111e+01 +3.2813e-04 -2.9375e-03
12 0 +2.498467629e+01 +2.499467629e+01 +2.499467629e+01 +9.2188e-04 -4.0625e-03
13 0 +2.048633463e+01 +2.049633463e+01 +2.049633463e+01 +1.3516e-03 -5.7187e-03
23 0 +1.898475727e+01 +1.899475727e+01 +1.899475727e+01 +9.7852e-04 -5.1172e-03
33 0 +1.861851945e+01 +1.862851945e+01 +1.862851945e+01 +9.8871e-04 -5.2122e-03
64 0 +1.819583925e+01 +1.820583925e+01 +1.820583925e+01 +3.0121e-04 -4.7762e-03
94 0 +1.696757502e+01 +1.697757502e+01 +1.697757502e+01 -8.7616e-01 +1.6647e+00
95 0 +1.455670880e+01 +1.456670880e+01 +1.456670880e+01 -9.1996e-01 +1.6647e+00
110 0 +6.331298707e+00 +6.341298707e+00 +6.341298707e+00 -9.1859e-01 +1.6595e+00
117 0 +5.983958139e+00 +5.993958139e+00 +5.993958139e+00 -9.2073e-01 +1.6604e+00
119 0 +4.846972800e+00 +4.856972800e+00 +4.856972800e+00 -9.2016e-01 +1.6610e+00
124 0 +4.776912141e+00 +4.786912141e+00 +4.786912141e+00 -9.2143e-01 +1.6615e+00
127 0 +4.220233130e+00 +4.230233130e+00 +4.230233130e+00 -9.2216e-01 +1.6616e+00
138 0 +4.138872626e+00 +4.148872626e+00 +4.148872626e+00 -9.2233e-01 +1.6617e+00
185 0 +1.470861231e+00 +1.480861231e+00 +1.480861231e+00 -2.4273e-02 -5.8721e-02
187 0 +1.273838623e+00 +1.283838623e+00 +1.283838623e+00 -2.3117e-02 -5.8721e-02
197 0 +1.214109368e+00 +1.224109368e+00 +1.224109368e+00 -2.3207e-02 -5.9011e-02
200 0 +1.170793317e+00 +1.180793317e+00 +1.180793317e+00 -2.3325e-02 -5.8769e-02
201 0 +1.037591031e+00 +1.047591031e+00 +1.047591031e+00 -2.2675e-02 -5.9155e-02
204 0 +9.700296449e-01 +9.800296449e-01 +9.800296449e-01 -2.2142e-02 -5.9300e-02
211 0 +9.118597776e-01 +9.218597776e-01 +9.218597776e-01 -2.1609e-02 -5.9445e-02
212 0 +8.458835824e-01 +8.558835824e-01 +8.558835824e-01 -2.1162e-02 -5.9593e-02
214 0 +7.888283050e-01 +7.988283050e-01 +7.988283050e-01 -2.0352e-02 -5.9892e-02
215 0 +6.576512389e-01 +6.676512389e-01 +6.676512389e-01 -1.9457e-02 -6.0188e-02
216 0 +5.987531312e-01 +6.087531312e-01 +6.087531312e-01 -1.9286e-02 -6.0182e-02
217 0 +5.037939214e-01 +5.137939214e-01 +5.137939214e-01 -1.8263e-02 -6.0473e-02
218 0 +1.964062753e-01 +2.064062753e-01 +2.064062753e-01 -1.6558e-02 -6.1067e-02
226 0 +1.288832856e-01 +1.388832856e-01 +1.388832856e-01 -1.5956e-02 -6.1200e-02
227 0 +8.222486234e-02 +9.222486234e-02 +9.222486234e-02 -1.5977e-02 -6.1241e-02
228 0 +7.352947755e-02 +8.352947755e-02 +8.352947755e-02 -1.5698e-02 -6.1349e-02
233 0 +3.029098064e-02 +4.029098064e-02 +4.029098064e-02 -1.5751e-02 -6.1372e-02
240 0 +2.201581350e-02 +3.201581350e-02 +3.201581350e-02 -1.5649e-02 -6.1402e-02
242 0 +1.409176043e-02 +2.409176043e-02 +2.409176043e-02 -1.5691e-02 -6.1381e-02
244 0 +1.087215993e-02 +2.087215993e-02 +2.087215993e-02 -1.5711e-02 -6.1382e-02
247 0 +3.396229085e-03 +1.339622909e-02 +1.339622909e-02 -1.5711e-02 -6.1376e-02
254 0 +2.889650651e-03 +1.288965065e-02 +1.288965065e-02 -1.5710e-02 -6.1379e-02
257 0 +9.779723070e-04 +1.097797231e-02 +1.097797231e-02 -1.5718e-02 -6.1374e-02
265 0 +7.021389107e-04 +1.070213891e-02 +1.070213891e-02 -1.5714e-02 -6.1376e-02
267 0 +4.545192588e-04 +1.045451926e-02 +1.045451926e-02 -1.5715e-02 -6.1376e-02
269 0 +2.163612314e-04 +1.021636123e-02 +1.021636123e-02 -1.5716e-02 -6.1375e-02
271 0 +2.123885848e-04 +1.021238858e-02 +1.021238858e-02 -1.5717e-02 -6.1375e-02
273 0 +1.331013186e-04 +1.013310132e-02 +1.013310132e-02 -1.5716e-02 -6.1375e-02
356 0 +1.245155930e-04 +1.012451559e-02 +1.012451559e-02 +1.8045e+00 -6.5297e-01
% f evaluations | g evaluations | best noise-free fitness - Fopt (-1.306100000000e+02) + sum g_i+ | measured fitness | best measured fitness or single-digit g-values | x1 | x2...
1 0 +6.063859804e+01 -6.997140196e+01 -6.997140196e+01 +0.0000e+00 +0.0000e+00
2 0 +6.061071462e+01 -6.999928538e+01 -6.999928538e+01 +2.5000e-04 +0.0000e+00
4 0 +5.997808414e+01 -7.063191586e+01 -7.063191586e+01 +2.5000e-04 -2.5000e-04
77 0 +4.355671490e+01 -8.705328510e+01 -8.705328510e+01 +3.8149e+00 -9.3898e-01
81 0 +7.387235495e+00 -1.232227645e+02 -1.232227645e+02 +3.8149e+00 -8.9203e-01
83 0 +6.572197254e+00 -1.240378027e+02 -1.240378027e+02 +3.6242e+00 -9.3898e-01
126 0 +6.394166128e+00 -1.242158339e+02 -1.242158339e+02 +3.6240e+00 -9.3852e-01
136 0 +6.299170390e+00 -1.243108296e+02 -1.243108296e+02 +3.6241e+00 -9.3895e-01
143 0 +6.149813864e+00 -1.244601861e+02 -1.244601861e+02 +3.6244e+00 -9.4013e-01
145 0 +5.911771156e+00 -1.246982288e+02 -1.246982288e+02 +3.6246e+00 -9.4124e-01
146 0 +5.762972881e+00 -1.248470271e+02 -1.248470271e+02 +3.6247e+00 -9.4187e-01
147 0 +5.712579146e+00 -1.248974209e+02 -1.248974209e+02 +3.6250e+00 -9.4305e-01
148 0 +5.510197825e+00 -1.250998022e+02 -1.250998022e+02 +3.6252e+00 -9.4417e-01
149 0 +5.093681222e+00 -1.255163188e+02 -1.255163188e+02 +3.6257e+00 -9.4619e-01
150 0 +4.721874428e+00 -1.258881256e+02 -1.258881256e+02 +3.6261e+00 -9.4800e-01
151 0 +4.311574002e+00 -1.262984260e+02 -1.262984260e+02 +3.6268e+00 -9.5139e-01
152 0 +4.042210656e+00 -1.265677893e+02 -1.265677893e+02 +3.6275e+00 -9.5452e-01
153 0 +3.251286750e+00 -1.273587132e+02 -1.273587132e+02 +3.6287e+00 -9.6026e-01
154 0 +2.417978528e+00 -1.281920215e+02 -1.281920215e+02 +3.6299e+00 -9.6545e-01
155 0 +1.020906334e+00 -1.295890937e+02 -1.295890937e+02 +3.6320e+00 -9.7508e-01
162 0 +6.585584752e-01 -1.299514415e+02 -1.299514415e+02 +3.6324e+00 -9.7711e-01
164 0 +3.147402804e-01 -1.302952597e+02 -1.302952597e+02 +3.6331e+00 -9.8003e-01
170 0 +2.676155848e-01 -1.303423844e+02 -1.303423844e+02 +3.6330e+00 -9.7982e-01
172 0 +2.268987424e-01 -1.303831013e+02 -1.303831013e+02 +3.6329e+00 -9.7928e-01
174 0 +2.166136985e-01 -1.303933863e+02 -1.303933863e+02 +3.6329e+00 -9.7932e-01
176 0 +2.027224041e-01 -1.304072776e+02 -1.304072776e+02 +3.6329e+00 -9.7956e-01
179 0 +1.796634067e-01 -1.304303366e+02 -1.304303366e+02 +3.6329e+00 -9.7945e-01
186 0 +1.749591469e-01 -1.304350409e+02 -1.304350409e+02 +3.6329e+00 -9.7947e-01
193 0 +1.735186818e-01 -1.304364813e+02 -1.304364813e+02 +3.6329e+00 -9.7946e-01
215 0 +1.693798239e-01 -1.304406202e+02 -1.304406202e+02 +3.6329e+00 -9.7944e-01
218 0 +1.630577128e-01 -1.304469423e+02 -1.304469423e+02 +3.6329e+00 -9.7941e-01
219 0 +1.602089267e-01 -1.304497911e+02 -1.304497911e+02 +3.6329e+00 -9.7940e-01
220 0 +1.538975844e-01 -1.304561024e+02 -1.304561024e+02 +3.6329e+00 -9.7938e-01
221 0 +1.472159134e-01 -1.304627841e+02 -1.304627841e+02 +3.6329e+00 -9.7935e-01
222 0 +1.369043595e-01 -1.304730956e+02 -1.304730956e+02 +3.6328e+00 -9.7931e-01
223 0 +1.253988853e-01 -1.304846011e+02 -1.304846011e+02 +3.6328e+00 -9.7928e-01
224 0 +1.036746096e-01 -1.305063254e+02 -1.305063254e+02 +3.6328e+00 -9.7922e-01
225 0 +8.362373906e-02 -1.305263763e+02 -1.305263763e+02 +3.6327e+00 -9.7916e-01
226 0 +4.073448481e-02 -1.305692655e+02 -1.305692655e+02 +3.6327e+00 -9.7904e-01
233 0 +3.007598252e-02 -1.305799240e+02 -1.305799240e+02 +3.6326e+00 -9.7900e-01
236 0 +2.861324288e-02 -1.305813868e+02 -1.305813868e+02 +3.6326e+00 -9.7902e-01
238 0 +2.726033362e-02 -1.305827397e+02 -1.305827397e+02 +3.6326e+00 -9.7902e-01
240 0 +2.355352170e-02 -1.305864465e+02 -1.305864465e+02 +3.6326e+00 -9.7901e-01
245 0 +2.265908720e-02 -1.305873409e+02 -1.305873409e+02 +3.6326e+00 -9.7901e-01
248 0 +2.213771428e-02 -1.305878623e+02 -1.305878623e+02 +3.6326e+00 -9.7901e-01
253 0 +2.166336624e-02 -1.305883366e+02 -1.305883366e+02 +3.6326e+00 -9.7901e-01
258 0 +2.131959070e-02 -1.305886804e+02 -1.305886804e+02 +3.6326e+00 -9.7901e-01
262 0 +2.057696427e-02 -1.305894230e+02 -1.305894230e+02 +3.6326e+00 -9.7902e-01
263 0 +1.996602089e-02 -1.305900340e+02 -1.305900340e+02 +3.6326e+00 -9.7902e-01
264 0 +1.940450550e-02 -1.305905955e+02 -1.305905955e+02 +3.6326e+00 -9.7902e-01
265 0 +1.854141034e-02 -1.305914586e+02 -1.305914586e+02 +3.6326e+00 -9.7903e-01
266 0 +1.741887356e-02 -1.305925811e+02 -1.305925811e+02 +3.6326e+00 -9.7903e-01
267 0 +1.635677666e-02 -1.305936432e+02 -1.305936432e+02 +3.6326e+00 -9.7903e-01
268 0 +1.492924910e-02 -1.305950708e+02 -1.305950708e+02 +3.6326e+00 -9.7904e-01
269 0 +1.245975819e-02 -1.305975402e+02 -1.305975402e+02 +3.6326e+00 -9.7905e-01
270 0 +8.779361738e-03 -1.306012206e+02 -1.306012206e+02 +3.6326e+00 -9.7906e-01
271 0 +5.936132100e-03 -1.306040639e+02 -1.306040639e+02 +3.6326e+00 -9.7907e-01
272 0 +2.766775486e-03 -1.306072332e+02 -1.306072332e+02 +3.6326e+00 -9.7909e-01
275 0 +2.000342396e-03 -1.306079997e+02 -1.306079997e+02 +3.6326e+00 -9.7908e-01
281 0 +1.742426098e-03 -1.306082576e+02 -1.306082576e+02 +3.6326e+00 -9.7909e-01
283 0 +1.404387371e-03 -1.306085956e+02 -1.306085956e+02 +3.6326e+00 -9.7909e-01
285 0 +9.148362223e-04 -1.306090852e+02 -1.306090852e+02 +3.6326e+00 -9.7908e-01
289 0 +6.888501424e-04 -1.306093111e+02 -1.306093111e+02 +3.6326e+00 -9.7908e-01
290 0 +4.693930707e-04 -1.306095306e+02 -1.306095306e+02 +3.6326e+00 -9.7908e-01
295 0 +2.421825708e-04 -1.306097578e+02 -1.306097578e+02 +3.6326e+00 -9.7908e-01
300 0 +1.199238242e-04 -1.306098801e+02 -1.306098801e+02 +3.6326e+00 -9.7908e-01
301 0 +8.964607747e-05 -1.306099104e+02 -1.306099104e+02 +3.6326e+00 -9.7909e-01
% f evaluations | g evaluations | best noise-free fitness - Fopt (-2.231200000000e+02) + sum g_i+ | measured fitness | best measured fitness or single-digit g-values | x1 | x2...
1 0 +5.548126590e+01 -1.676387341e+02 -1.676387341e+02 +0.0000e+00 +0.0000e+00
2 0 +5.530550466e+01 -1.678144953e+02 -1.678144953e+02 +2.5000e-04 +0.0000e+00
3 0 +5.464186131e+01 -1.684781387e+02 -1.684781387e+02 +0.0000e+00 +2.5000e-04
42 0 +5.366935882e+01 -1.694506412e+02 -1.694506412e+02 +3.6632e-04 +5.5214e-04
50 0 +5.219082730e+01 -1.709291727e+02 -1.709291727e+02 +3.0921e-03 +2.0082e-03
52 0 +5.071821714e+01 -1.724017829e+02 -1.724017829e+02 +5.1691e-03 +3.1162e-03
53 0 +4.994137956e+01 -1.731786204e+02 -1.731786204e+02 +6.4708e-03 +3.8124e-03
54 0 +4.795667867e+01 -1.751633213e+02 -1.751633213e+02 +8.8111e-03 +5.0627e-03
55 0 +4.563978561e+01 -1.774802144e+02 -1.774802144e+02 +1.0888e-02 +6.1707e-03
143 0 +3.724518204e+01 -1.858748180e+02 -1.858748180e+02 +2.2195e-01 -2.6310e+00
144 0 +6.996941830e+00 -2.161230582e+02 -2.161230582e+02 +2.1138e-01 -2.7625e+00
145 0 +3.192967766e+00 -2.199270322e+02 -2.199270322e+02 +2.2195e-01 -2.7625e+00
162 0 +2.376059884e+00 -2.207439401e+02 -2.207439401e+02 +2.1934e-01 -2.7615e+00
164 0 +1.968751331e+00 -2.211512487e+02 -2.211512487e+02 +2.1865e-01 -2.7623e+00
166 0 +1.183462230e+00 -2.219365378e+02 -2.219365378e+02 +2.2047e-01 -2.7622e+00
172 0 +8.610685839e-01 -2.222589314e+02 -2.222589314e+02 +2.1972e-01 -2.7624e+00
178 0 +8.498870335e-01 -2.222701130e+02 -2.222701130e+02 +2.2017e-01 -2.7621e+00
181 0 +7.725192854e-01 -2.223474807e+02 -2.223474807e+02 +2.1995e-01 -2.7623e+00
182 0 +7.382176141e-01 -2.223817824e+02 -2.223817824e+02 +2.2040e-01 -2.7620e+00
183 0 +7.169895561e-01 -2.224030104e+02 -2.224030104e+02 +2.2075e-01 -2.7619e+00
188 0 +6.793675452e-01 -2.224406325e+02 -2.224406325e+02 +2.2110e-01 -2.7617e+00
189 0 +6.352155487e-01 -2.224847845e+02 -2.224847845e+02 +2.2168e-01 -2.7613e+00
190 0 +5.796363371e-01 -2.225403637e+02 -2.225403637e+02 +2.2212e-01 -2.7611e+00
191 0 +5.499192784e-01 -2.225700807e+02 -2.225700807e+02 +2.2303e-01 -2.7606e+00
192 0 +4.587228582e-01 -2.226612771e+02 -2.226612771e+02 +2.2397e-01 -2.7601e+00
193 0 +3.311120692e-01 -2.227888879e+02 -2.227888879e+02 +2.2558e-01 -2.7593e+00
194 0 +2.291314991e-01 -2.228908685e+02 -2.228908685e+02 +2.2693e-01 -2.7586e+00
195 0 +1.456206243e-01 -2.229743794e+02 -2.229743794e+02 +2.2956e-01 -2.7572e+00
198 0 +7.281598899e-02 -2.230471840e+02 -2.230471840e+02 +2.2820e-01 -2.7579e+00
205 0 +4.168032201e-02 -2.230783197e+02 -2.230783197e+02 +2.2898e-01 -2.7575e+00
208 0 +3.973631061e-02 -2.230802637e+02 -2.230802637e+02 +2.2856e-01 -2.7577e+00
209 0 +2.300354619e-02 -2.230969965e+02 -2.230969965e+02 +2.2869e-01 -2.7576e+00
212 0 +1.321446833e-02 -2.231067855e+02 -2.231067855e+02 +2.2880e-01 -2.7576e+00
216 0 +1.174444975e-02 -2.231082556e+02 -2.231082556e+02 +2.2871e-01 -2.7576e+00
218 0 +5.847823821e-03 -2.231141522e+02 -2.231141522e+02 +2.2870e-01 -2.7576e+00
222 0 +4.525446293e-03 -2.231154746e+02 -2.231154746e+02 +2.2874e-01 -2.7576e+00
226 0 +1.708359639e-03 -2.231182916e+02 -2.231182916e+02 +2.2872e-01 -2.7576e+00
232 0 +9.882417087e-04 -2.231190118e+02 -2.231190118e+02 +2.2873e-01 -2.7576e+00
235 0 +8.590081579e-04 -2.231191410e+02 -2.231191410e+02 +2.2872e-01 -2.7576e+00
237 0 +8.331427580e-04 -2.231191669e+02 -2.231191669e+02 +2.2872e-01 -2.7576e+00
239 0 +4.129898048e-04 -2.231195870e+02 -2.231195870e+02 +2.2872e-01 -2.7576e+00
241 0 +3.812200314e-04 -2.231196188e+02 -2.231196188e+02 +2.2872e-01 -2.7576e+00
243 0 +1.778865769e-04 -2.231198221e+02 -2.231198221e+02 +2.2872e-01 -2.7576e+00
245 0 +1.343566277e-04 -2.231198656e+02 -2.231198656e+02 +2.2872e-01 -2.7576e+00
% f evaluations | g evaluations | best noise-free fitness - Fopt (-4.443000000000e+01) + sum g_i+ | measured fitness | best measured fitness or single-digit g-values | x1 | x2...
1 0 +6.617331483e+01 +2.174331483e+01 +2.174331483e+01 +0.0000e+00 +0.0000e+00
4 0 +6.578970702e+01 +2.135970702e+01 +2.135970702e+01 -2.5000e-04 +2.5000e-04
5 0 +6.395446391e+01 +1.952446391e+01 +1.952446391e+01 -5.0000e-04 +3.7500e-04
6 0 +6.266663783e+01 +1.823663783e+01 +1.823663783e+01 -5.0000e-04 +1.2500e-04
43 0 +6.164936066e+01 +1.721936066e+01 +1.721936066e+01 -3.8898e-04 +7.3577e-05
68 0 +5.459285301e+01 +1.016285301e+01 +1.016285301e+01 -3.5124e+00 -2.9030e-01
71 0 +3.412266189e+01 -1.030733811e+01 -1.030733811e+01 -3.6880e+00 -2.7579e-01
72 0 +9.339635589e+00 -3.509036441e+01 -3.509036441e+01 -3.7758e+00 -2.6127e-01
73 0 +8.483075561e+00 -3.594692444e+01 -3.594692444e+01 -3.6002e+00 -2.6127e-01
79 0 +4.150228176e+00 -4.027977182e+01 -4.027977182e+01 -3.6880e+00 -2.6127e-01
83 0 +2.260897182e+00 -4.216910282e+01 -4.216910282e+01 -3.6880e+00 -2.5764e-01
92 0 +2.120920745e+00 -4.230907925e+01 -4.230907925e+01 -3.6853e+00 -2.5957e-01
94 0 +1.106411534e+00 -4.332358847e+01 -4.332358847e+01 -3.6873e+00 -2.5994e-01
99 0 +1.040749221e+00 -4.338925078e+01 -4.338925078e+01 -3.6861e+00 -2.6124e-01
103 0 +1.006925488e+00 -4.342307451e+01 -4.342307451e+01 -3.6862e+00 -2.6091e-01
104 0 +8.370425675e-01 -4.359295743e+01 -4.359295743e+01 -3.6850e+00 -2.6220e-01
105 0 +7.697929109e-01 -4.366020709e+01 -4.366020709e+01 -3.6838e+00 -2.6334e-01
107 0 +5.948831790e-01 -4.383511682e+01 -4.383511682e+01 -3.6815e+00 -2.6544e-01
109 0 +4.542976168e-01 -4.397570238e+01 -4.397570238e+01 -3.6814e+00 -2.6577e-01
110 0 +3.002627444e-01 -4.412973726e+01 -4.412973726e+01 -3.6802e+00 -2.6715e-01
115 0 +4.238117933e-02 -4.438761882e+01 -4.438761882e+01 -3.6803e+00 -2.6726e-01
127 0 +3.050638373e-02 -4.439949362e+01 -4.439949362e+01 -3.6801e+00 -2.6752e-01
131 0 +1.777863747e-02 -4.441222136e+01 -4.441222136e+01 -3.6802e+00 -2.6734e-01
133 0 +1.388745823e-02 -4.441611254e+01 -4.441611254e+01 -3.6802e+00 -2.6738e-01
135 0 +8.577338445e-03 -4.442142266e+01 -4.442142266e+01 -3.6801e+00 -2.6744e-01
139 0 +5.779794809e-03 -4.442422021e+01 -4.442422021e+01 -3.6802e+00 -2.6742e-01
141 0 +2.458350044e-03 -4.442754165e+01 -4.442754165e+01 -3.6802e+00 -2.6740e-01
147 0 +2.259106756e-03 -4.442774089e+01 -4.442774089e+01 -3.6802e+00 -2.6741e-01
150 0 +1.250519879e-03 -4.442874948e+01 -4.442874948e+01 -3.6802e+00 -2.6741e-01
152 0 +6.247114839e-04 -4.442937529e+01 -4.442937529e+01 -3.6802e+00 -2.6741e-01
156 0 +5.621523573e-04 -4.442943785e+01 -4.442943785e+01 -3.6802e+00 -2.6741e-01
158 0 +5.447995744e-04 -4.442945520e+01 -4.442945520e+01 -3.6802e+00 -2.6741e-01
% f evaluations | g evaluations | best noise-free fitness - Fopt (2.557800000000e+02) + sum g_i+ | measured fitness | best measured fitness or single-digit g-values | x1 | x2...
1 0 +1.842580886e+01 +2.742058089e+02 +2.742058089e+02 +0.0000e+00 +0.0000e+00
2 0 +1.834146518e+01 +2.741214652e+02 +2.741214652e+02 +2.5000e-04 +0.0000e+00
11 0 +1.806183788e+01 +2.738418379e+02 +2.738418379e+02 -5.0000e-04 +5.0000e-04
14 0 +1.703218835e+01 +2.728121883e+02 +2.728121883e+02 -1.2500e-03 +8.1250e-04
15 0 +1.666920164e+01 +2.724492016e+02 +2.724492016e+02 -1.7500e-03 +1.0625e-03
26 0 +1.644066613e+01 +2.722206661e+02 +2.722206661e+02 -1.8750e-03 +1.2188e-03
86 0 +1.441545992e+01 +2.701954599e+02 +2.701954599e+02 +3.7807e-02 +1.9774e+00
89 0 +1.128016719e+01 +2.670601672e+02 +2.670601672e+02 +3.7106e-02 +1.9533e+00
90 0 +1.103557674e+01 +2.668155767e+02 +2.668155767e+02 +3.8973e-02 +1.9533e+00
94 0 +1.031211197e+01 +2.660921120e+02 +2.660921120e+02 +3.8040e-02 +1.9533e+00
97 0 +7.280011160e+00 +2.630600112e+02 +2.630600112e+02 +3.8565e-02 +1.9472e+00
98 0 +5.779013791e+00 +2.615590138e+02 +2.615590138e+02 +3.7632e-02 +1.9472e+00
119 0 +5.751183392e+00 +2.615311834e+02 +2.615311834e+02 +3.7445e-02 +1.9471e+00
192 0 +5.120555358e+00 +2.609005554e+02 +2.609005554e+02 -1.7484e+00 +2.6316e+00
193 0 +3.546807339e+00 +2.593268073e+02 +2.593268073e+02 -1.7527e+00 +2.6251e+00
198 0 +2.553879496e+00 +2.583338795e+02 +2.583338795e+02 -1.7571e+00 +2.6187e+00
199 0 +1.542499719e+00 +2.573224997e+02 +2.573224997e+02 -1.7608e+00 +2.6138e+00
201 0 +5.792224028e-01 +2.563592224e+02 +2.563592224e+02 -1.7674e+00 +2.6057e+00
207 0 +5.205990206e-01 +2.563005990e+02 +2.563005990e+02 -1.7674e+00 +2.6049e+00
209 0 +4.964025439e-01 +2.562764025e+02 +2.562764025e+02 -1.7659e+00 +2.6071e+00
210 0 +4.577199617e-01 +2.562377200e+02 +2.562377200e+02 -1.7658e+00 +2.6063e+00
213 0 +2.803475429e-01 +2.560603475e+02 +2.560603475e+02 -1.7666e+00 +2.6058e+00
215 0 +1.150800808e-01 +2.558950801e+02 +2.558950801e+02 -1.7661e+00 +2.6066e+00
220 0 +1.128935417e-01 +2.558928935e+02 +2.558928935e+02 -1.7659e+00 +2.6065e+00
223 0 +5.977705473e-02 +2.558397771e+02 +2.558397771e+02 -1.7658e+00 +2.6068e+00
225 0 +3.427883102e-02 +2.558142788e+02 +2.558142788e+02 -1.7660e+00 +2.6066e+00
229 0 +2.317053627e-02 +2.558031705e+02 +2.558031705e+02 -1.7659e+00 +2.6067e+00
231 0 +2.176676848e-02 +2.558017668e+02 +2.558017668e+02 -1.7659e+00 +2.6066e+00
233 0 +1.370877893e-02 +2.557937088e+02 +2.557937088e+02 -1.7659e+00 +2.6066e+00
235 0 +7.379226398e-03 +2.557873792e+02 +2.557873792e+02 -1.7659e+00 +2.6067e+00
239 0 +7.113669315e-03 +2.557871137e+02 +2.557871137e+02 -1.7659e+00 +2.6066e+00
240 0 +6.584970434e-03 +2.557865850e+02 +2.557865850e+02 -1.7659e+00 +2.6067e+00
243 0 +3.724202920e-03 +2.557837242e+02 +2.557837242e+02 -1.7659e+00 +2.6067e+00
245 0 +3.136850073e-03 +2.557831369e+02 +2.557831369e+02 -1.7659e+00 +2.6066e+00
247 0 +2.022835804e-03 +2.557820228e+02 +2.557820228e+02 -1.7659e+00 +2.6066e+00
249 0 +1.321211130e-03 +2.557813212e+02 +2.557813212e+02 -1.7659e+00 +2.6066e+00
251 0 +1.129584284e-03 +2.557811296e+02 +2.557811296e+02 -1.7659e+00 +2.6066e+00
253 0 +8.417775876e-04 +2.557808418e+02 +2.557808418e+02 -1.7659e+00 +2.6066e+00
255 0 +3.581466380e-04 +2.557803581e+02 +2.557803581e+02 -1.7659e+00 +2.6066e+00
259 0 +3.476939217e-04 +2.557803477e+02 +2.557803477e+02 -1.7659e+00 +2.6066e+00
261 0 +2.614093828e-04 +2.557802614e+02 +2.557802614e+02 -1.7659e+00 +2.6066e+00
350 0 +2.214052451e-04 +2.557802214e+02 +2.557802214e+02 +1.7959e+00 +1.6421e+00
% f evaluations | g evaluations | best noise-free fitness - Fopt (1.000000000000e+03) + sum g_i+ | measured fitness | best measured fitness or single-digit g-values | x1 | x2...
1 0 +6.853549808e+01 +1.068535498e+03 +1.068535498e+03 +0.0000e+00 +0.0000e+00
4 0 +6.592600029e+01 +1.065926000e+03 +1.065926000e+03 +2.5000e-04 -2.5000e-04
6 0 +6.429513405e+01 +1.064295134e+03 +1.064295134e+03 +1.2500e-04 -5.0000e-04
9 0 +6.113814973e+01 +1.061138150e+03 +1.061138150e+03 +7.5000e-04 -1.5000e-03
11 0 +5.345562904e+01 +1.053455629e+03 +1.053455629e+03 +1.1250e-03 -2.5000e-03
12 0 +4.162394356e+01 +1.041623944e+03 +1.041623944e+03 +1.6250e-03 -3.5000e-03
54 0 +4.069562366e+01 +1.040695624e+03 +1.040695624e+03 +1.1098e-03 -3.5526e-03
113 0 +3.285928221e+01 +1.032859282e+03 +1.032859282e+03 +3.3451e+00 +1.5504e+00
122 0 +2.532274228e+01 +1.025322742e+03 +1.025322742e+03 +3.3089e+00 +1.5457e+00
124 0 +1.594227760e+01 +1.015942278e+03 +1.015942278e+03 +3.2947e+00 +1.5492e+00
127 0 +8.984569751e+00 +1.008984570e+03 +1.008984570e+03 +3.2928e+00 +1.5462e+00
133 0 +8.138796019e+00 +1.008138796e+03 +1.008138796e+03 +3.2877e+00 +1.5464e+00
135 0 +7.981295434e+00 +1.007981295e+03 +1.007981295e+03 +3.2862e+00 +1.5452e+00
137 0 +7.462116908e+00 +1.007462117e+03 +1.007462117e+03 +3.2840e+00 +1.5456e+00
139 0 +6.922096423e+00 +1.006922096e+03 +1.006922096e+03 +3.2864e+00 +1.5459e+00
141 0 +6.257108820e+00 +1.006257109e+03 +1.006257109e+03 +3.2857e+00 +1.5455e+00
145 0 +6.137712296e+00 +1.006137712e+03 +1.006137712e+03 +3.2864e+00 +1.5458e+00
146 0 +6.009607537e+00 +1.006009608e+03 +1.006009608e+03 +3.2850e+00 +1.5455e+00
149 0 +5.860597758e+00 +1.005860598e+03 +1.005860598e+03 +3.2857e+00 +1.5456e+00
156 0 +5.744035766e+00 +1.005744036e+03 +1.005744036e+03 +3.2856e+00 +1.5455e+00
235 0 +5.404505541e+00 +1.005404506e+03 +1.005404506e+03 -3.8606e+00 -3.9803e+00
236 0 +4.855212880e+00 +1.004855213e+03 +1.004855213e+03 -3.8780e+00 -3.9836e+00
247 0 +4.697934434e+00 +1.004697934e+03 +1.004697934e+03 -3.8703e+00 -3.9822e+00
250 0 +4.355398805e+00 +1.004355399e+03 +1.004355399e+03 -3.8627e+00 -3.9809e+00
256 0 +4.256298596e+00 +1.004256299e+03 +1.004256299e+03 -3.8629e+00 -3.9808e+00
264 0 +4.139070723e+00 +1.004139071e+03 +1.004139071e+03 -3.8621e+00 -3.9807e+00
% f evaluations | g evaluations | best noise-free fitness - Fopt (-1.869500000000e+02) + sum g_i+ | measured fitness | best measured fitness or single-digit g-values | x1 | x2...
1 0 +3.273904916e+01 -1.542109508e+02 -1.542109508e+02 +0.0000e+00 +0.0000e+00
2 0 +3.217433886e+01 -1.547756611e+02 -1.547756611e+02 +2.5000e-04 +0.0000e+00
6 0 +3.157552681e+01 -1.553744732e+02 -1.553744732e+02 +7.5000e-04 -1.2500e-04
8 0 +3.045924180e+01 -1.564907582e+02 -1.564907582e+02 +1.2500e-03 -5.0000e-04
9 0 +2.964251614e+01 -1.573074839e+02 -1.573074839e+02 +1.7500e-03 -7.5000e-04
10 0 +2.938613075e+01 -1.575638693e+02 -1.575638693e+02 +1.7500e-03 -5.0000e-04
11 0 +2.767251111e+01 -1.592774889e+02 -1.592774889e+02 +2.2500e-03 -5.6250e-04
12 0 +2.476639690e+01 -1.621836031e+02 -1.621836031e+02 +3.2500e-03 -1.1875e-03
13 0 +2.126777911e+01 -1.656822209e+02 -1.656822209e+02 +4.5000e-03 -1.7188e-03
14 0 +1.923507714e+01 -1.677149229e+02 -1.677149229e+02 +5.0000e-03 -1.5313e-03
15 0 +1.496911127e+01 -1.719808887e+02 -1.719808887e+02 +6.6250e-03 -1.9219e-03
21 0 +1.474366616e+01 -1.722063338e+02 -1.722063338e+02 +6.3164e-03 -2.0688e-03
27 0 +1.406997765e+01 -1.728800223e+02 -1.728800223e+02 +6.4625e-03 -1.9486e-03
90 0 +3.728182945e+00 -1.832218171e+02 -1.832218171e+02 +1.5591e+00 +1.4499e+00
112 0 +1.630072866e+00 -1.853199271e+02 -1.853199271e+02 +1.5672e+00 +1.4416e+00
118 0 +1.431705946e+00 -1.855182941e+02 -1.855182941e+02 +1.5640e+00 +1.4447e+00
120 0 +1.294580833e+00 -1.856554192e+02 -1.856554192e+02 +1.5667e+00 +1.4418e+00
122 0 +1.160851699e+00 -1.857891483e+02 -1.857891483e+02 +1.5644e+00 +1.4441e+00
124 0 +9.751964293e-01 -1.859748036e+02 -1.859748036e+02 +1.5648e+00 +1.4438e+00
126 0 +6.923420143e-01 -1.862576580e+02 -1.862576580e+02 +1.5657e+00 +1.4429e+00
129 0 +6.233864400e-01 -1.863266136e+02 -1.863266136e+02 +1.5653e+00 +1.4433e+00
133 0 +5.429150973e-01 -1.864070849e+02 -1.864070849e+02 +1.5655e+00 +1.4431e+00
141 0 +5.247023516e-01 -1.864252976e+02 -1.864252976e+02 +1.5654e+00 +1.4431e+00
207 0 +1.482797520e-01 -1.868017202e+02 -1.868017202e+02 -2.9263e+00 -1.4076e+00
218 0 +1.916472336e-02 -1.869308353e+02 -1.869308353e+02 -2.9265e+00 -1.4071e+00
235 0 +1.569156312e-02 -1.869343084e+02 -1.869343084e+02 -2.9265e+00 -1.4071e+00
236 0 +1.075330388e-02 -1.869392467e+02 -1.869392467e+02 -2.9265e+00 -1.4071e+00
238 0 +9.681429038e-03 -1.869403186e+02 -1.869403186e+02 -2.9265e+00 -1.4071e+00
241 0 +7.738731521e-03 -1.869422613e+02 -1.869422613e+02 -2.9265e+00 -1.4071e+00
243 0 +6.735532046e-03 -1.869432645e+02 -1.869432645e+02 -2.9265e+00 -1.4071e+00
246 0 +2.944470114e-03 -1.869470555e+02 -1.869470555e+02 -2.9265e+00 -1.4071e+00
251 0 +9.615316210e-04 -1.869490385e+02 -1.869490385e+02 -2.9265e+00 -1.4071e+00
258 0 +6.619246851e-04 -1.869493381e+02 -1.869493381e+02 -2.9265e+00 -1.4071e+00
262 0 +5.496885506e-04 -1.869494503e+02 -1.869494503e+02 -2.9265e+00 -1.4071e+00
264 0 +4.000711887e-04 -1.869495999e+02 -1.869495999e+02 -2.9265e+00 -1.4071e+00
266 0 +3.513602773e-04 -1.869496486e+02 -1.869496486e+02 -2.9265e+00 -1.4071e+00
486 0 +3.382332802e-04 -1.869496618e+02 -1.869496618e+02 +1.7600e+00 -8.8511e-01
488 0 +1.940462740e-04 -1.869498060e+02 -1.869498060e+02 +1.7600e+00 -8.8511e-01
490 0 +1.845162780e-04 -1.869498155e+02 -1.869498155e+02 +1.7600e+00 -8.8511e-01
492 0 +1.443216545e-04 -1.869498557e+02 -1.869498557e+02 +1.7600e+00 -8.8511e-01
% f evaluations | g evaluations | best noise-free fitness - Fopt (5.859500000000e+02) + sum g_i+ | measured fitness | best measured fitness or single-digit g-values | x1 | x2...
1 0 +3.787535601e+01 +6.238253560e+02 +6.238253560e+02 +0.0000e+00 +0.0000e+00
2 0 +3.731142116e+01 +6.232614212e+02 +6.232614212e+02 +2.5000e-04 +0.0000e+00
16 0 +3.707883080e+01 +6.230288308e+02 +6.230288308e+02 +2.4219e-04 -3.5156e-05
50 0 +3.611549831e+01 +6.220654983e+02 +6.220654983e+02 +1.4469e-03 +6.9533e-04
105 0 +1.792103466e+01 +6.038710347e+02 +6.038710347e+02 -5.9124e-01 -8.9045e-01
108 0 +9.302025387e+00 +5.952520254e+02 +5.952520254e+02 -5.6168e-01 -9.3497e-01
127 0 +7.934994996e+00 +5.938849950e+02 +5.938849950e+02 -5.6330e-01 -9.3690e-01
130 0 +6.923315275e+00 +5.928733153e+02 +5.928733153e+02 -5.6185e-01 -9.3557e-01
133 0 +6.741728764e+00 +5.926917288e+02 +5.926917288e+02 -5.6322e-01 -9.3660e-01
137 0 +6.399735154e+00 +5.923497352e+02 +5.923497352e+02 -5.6213e-01 -9.3583e-01
144 0 +6.256992072e+00 +5.922069921e+02 +5.922069921e+02 -5.6155e-01 -9.3550e-01
224 0 +4.426195919e+00 +5.903761959e+02 +5.903761959e+02 -1.9831e+00 +3.1506e+00
232 0 +4.049235295e+00 +5.899992353e+02 +5.899992353e+02 -1.9767e+00 +3.1545e+00
236 0 +3.486117783e+00 +5.894361178e+02 +5.894361178e+02 -1.9672e+00 +3.1603e+00
237 0 +3.096617826e+00 +5.890466178e+02 +5.890466178e+02 -1.9592e+00 +3.1652e+00
238 0 +3.051633633e+00 +5.890016336e+02 +5.890016336e+02 -1.9502e+00 +3.1706e+00
239 0 +2.340648287e+00 +5.882906483e+02 +5.882906483e+02 -1.9355e+00 +3.1795e+00
240 0 +1.408654903e+00 +5.873586549e+02 +5.873586549e+02 -1.9241e+00 +3.1865e+00
241 0 +1.355367234e+00 +5.873053672e+02 +5.873053672e+02 -1.9008e+00 +3.2006e+00
244 0 +9.303812912e-01 +5.868803813e+02 +5.868803813e+02 -1.9040e+00 +3.1988e+00
249 0 +4.784335026e-01 +5.864284335e+02 +5.864284335e+02 -1.9073e+00 +3.1969e+00
252 0 +4.366709099e-01 +5.863866709e+02 +5.863866709e+02 -1.9147e+00 +3.1923e+00
254 0 +2.851669420e-01 +5.862351669e+02 +5.862351669e+02 -1.9145e+00 +3.1925e+00
256 0 +1.503570830e-01 +5.861003571e+02 +5.861003571e+02 -1.9109e+00 +3.1947e+00
259 0 +1.150887557e-01 +5.860650888e+02 +5.860650888e+02 -1.9126e+00 +3.1936e+00
261 0 +1.146516049e-01 +5.860646516e+02 +5.860646516e+02 -1.9112e+00 +3.1945e+00
263 0 +6.436086355e-02 +5.860143609e+02 +5.860143609e+02 -1.9114e+00 +3.1944e+00
265 0 +4.016563129e-02 +5.859901656e+02 +5.859901656e+02 -1.9120e+00 +3.1940e+00
269 0 +2.490313988e-02 +5.859749031e+02 +5.859749031e+02 -1.9117e+00 +3.1942e+00
272 0 +1.886414500e-02 +5.859688641e+02 +5.859688641e+02 -1.9119e+00 +3.1941e+00
274 0 +1.448004235e-02 +5.859644800e+02 +5.859644800e+02 -1.9118e+00 +3.1941e+00
276 0 +1.171958822e-02 +5.859617196e+02 +5.859617196e+02 -1.9118e+00 +3.1942e+00
278 0 +4.424414237e-03 +5.859544244e+02 +5.859544244e+02 -1.9118e+00 +3.1941e+00
284 0 +2.537739928e-03 +5.859525377e+02 +5.859525377e+02 -1.9118e+00 +3.1942e+00
286 0 +1.653116514e-03 +5.859516531e+02 +5.859516531e+02 -1.9118e+00 +3.1942e+00
290 0 +1.209886159e-03 +5.859512099e+02 +5.859512099e+02 -1.9118e+00 +3.1942e+00
292 0 +6.697752191e-04 +5.859506698e+02 +5.859506698e+02 -1.9118e+00 +3.1941e+00
296 0 +3.886427909e-04 +5.859503886e+02 +5.859503886e+02 -1.9118e+00 +3.1941e+00
298 0 +2.169494082e-04 +5.859502169e+02 +5.859502169e+02 -1.9118e+00 +3.1941e+00
302 0 +1.999295984e-04 +5.859501999e+02 +5.859501999e+02 -1.9118e+00 +3.1941e+00
396 0 +1.623915324e-04 +5.859501624e+02 +5.859501624e+02 -1.0348e+00 -4.9930e-01
403 0 +1.543231884e-04 +5.859501543e+02 +5.859501543e+02 -1.0348e+00 -4.9930e-01
% f evaluations | g evaluations | best noise-free fitness - Fopt (2.871600000000e+02) + sum g_i+ | measured fitness | best measured fitness or single-digit g-values | x1 | x2...
1 0 +3.503851386e+01 +3.221985139e+02 +3.221985139e+02 +0.0000e+00 +0.0000e+00
2 0 +3.272293556e+01 +3.198829356e+02 +3.198829356e+02 +2.5000e-04 +0.0000e+00
25 0 +3.235184983e+01 +3.195118498e+02 +3.195118498e+02 +1.8939e-04 +4.2816e-05
72 0 +2.837918365e+01 +3.155391837e+02 +3.155391837e+02 +4.4549e+00 +1.9833e+00
73 0 +2.369409133e+01 +3.108540913e+02 +3.108540913e+02 +4.2427e+00 +2.0824e+00
74 0 +2.008953805e+01 +3.072495381e+02 +3.072495381e+02 +4.4549e+00 +2.0824e+00
76 0 +9.979553536e+00 +2.971395535e+02 +2.971395535e+02 +4.2427e+00 +2.1816e+00
107 0 +9.007419826e+00 +2.961674198e+02 +2.961674198e+02 +4.2421e+00 +2.1823e+00
109 0 +7.254373711e+00 +2.944143737e+02 +2.944143737e+02 +4.2411e+00 +2.1823e+00
112 0 +6.616114809e+00 +2.937761148e+02 +2.937761148e+02 +4.2415e+00 +2.1825e+00
116 0 +6.159132120e+00 +2.933191321e+02 +2.933191321e+02 +4.2414e+00 +2.1823e+00
121 0 +5.986531357e+00 +2.931465314e+02 +2.931465314e+02 +4.2415e+00 +2.1823e+00
126 0 +5.844277626e+00 +2.930042776e+02 +2.930042776e+02 +4.2415e+00 +2.1822e+00
193 0 +5.333809282e+00 +2.924938093e+02 +2.924938093e+02 -2.9696e+00 -1.8578e-01
198 0 +3.512781961e+00 +2.906727820e+02 +2.906727820e+02 -2.9713e+00 -1.8788e-01
201 0 +1.938893416e+00 +2.890988934e+02 +2.890988934e+02 -2.9710e+00 -1.8616e-01
207 0 +1.886333310e+00 +2.890463333e+02 +2.890463333e+02 -2.9705e+00 -1.8737e-01
209 0 +1.589093183e+00 +2.887490932e+02 +2.887490932e+02 -2.9708e+00 -1.8711e-01
212 0 +1.546349623e+00 +2.887063496e+02 +2.887063496e+02 -2.9705e+00 -1.8754e-01
216 0 +1.438911032e+00 +2.885989110e+02 +2.885989110e+02 -2.9708e+00 -1.8715e-01
217 0 +1.394148259e+00 +2.885541483e+02 +2.885541483e+02 -2.9711e+00 -1.8644e-01
222 0 +1.340056753e+00 +2.885000568e+02 +2.885000568e+02 -2.9715e+00 -1.8573e-01
226 0 +1.267445191e+00 +2.884274452e+02 +2.884274452e+02 -2.9721e+00 -1.8471e-01
227 0 +1.206637580e+00 +2.883666376e+02 +2.883666376e+02 -2.9725e+00 -1.8385e-01
228 0 +1.202245734e+00 +2.883622457e+02 +2.883622457e+02 -2.9730e+00 -1.8308e-01
229 0 +1.092421635e+00 +2.882524216e+02 +2.882524216e+02 -2.9738e+00 -1.8163e-01
230 0 +1.024526462e+00 +2.881845265e+02 +2.881845265e+02 -2.9745e+00 -1.8029e-01
231 0 +8.918247350e-01 +2.880518247e+02 +2.880518247e+02 -2.9758e+00 -1.7784e-01
232 0 +8.052612263e-01 +2.879652612e+02 +2.879652612e+02 -2.9771e+00 -1.7563e-01
233 0 +5.276138021e-01 +2.876876138e+02 +2.876876138e+02 -2.9793e+00 -1.7152e-01
234 0 +2.264412085e-01 +2.873864412e+02 +2.873864412e+02 -2.9814e+00 -1.6772e-01
249 0 +1.965581306e-01 +2.873565581e+02 +2.873565581e+02 -2.9813e+00 -1.6777e-01
252 0 +1.649078758e-01 +2.873249079e+02 +2.873249079e+02 -2.9813e+00 -1.6782e-01
256 0 +1.473921757e-01 +2.873073922e+02 +2.873073922e+02 -2.9811e+00 -1.6818e-01
259 0 +1.427192436e-01 +2.873027192e+02 +2.873027192e+02 -2.9812e+00 -1.6799e-01
260 0 +1.108839042e-01 +2.872708839e+02 +2.872708839e+02 -2.9812e+00 -1.6804e-01
261 0 +9.642207088e-02 +2.872564221e+02 +2.872564221e+02 -2.9812e+00 -1.6799e-01
263 0 +8.643637043e-02 +2.872464364e+02 +2.872464364e+02 -2.9813e+00 -1.6779e-01
264 0 +5.299193207e-02 +2.872129919e+02 +2.872129919e+02 -2.9813e+00 -1.6769e-01
265 0 +1.463806438e-02 +2.871746381e+02 +2.871746381e+02 -2.9812e+00 -1.6789e-01
275 0 +1.226660242e-02 +2.871722666e+02 +2.871722666e+02 -2.9811e+00 -1.6800e-01
277 0 +3.857479850e-03 +2.871638575e+02 +2.871638575e+02 -2.9812e+00 -1.6795e-01
283 0 +3.487603652e-03 +2.871634876e+02 +2.871634876e+02 -2.9811e+00 -1.6798e-01
285 0 +2.353837111e-03 +2.871623538e+02 +2.871623538e+02 -2.9812e+00 -1.6796e-01
287 0 +2.090513926e-03 +2.871620905e+02 +2.871620905e+02 -2.9812e+00 -1.6796e-01
289 0 +8.787820472e-04 +2.871608788e+02 +2.871608788e+02 -2.9812e+00 -1.6797e-01
294 0 +2.566405929e-04 +2.871602566e+02 +2.871602566e+02 -2.9812e+00 -1.6797e-01
492 0 +1.665252852e-04 +2.871601665e+02 +2.871601665e+02 +9.1997e-01 +4.2026e-01
494 0 +1.411418054e-04 +2.871601411e+02 +2.871601411e+02 +9.1997e-01 +4.2026e-01
% f evaluations | g evaluations | best noise-free fitness - Fopt (-3.943800000000e+02) + sum g_i+ | measured fitness | best measured fitness or single-digit g-values | x1 | x2...
1 0 +1.924764757e+01 -3.751323524e+02 -3.751323524e+02 +0.0000e+00 +0.0000e+00
2 0 +1.918442427e+01 -3.751955757e+02 -3.751955757e+02 +2.5000e-04 +0.0000e+00
3 0 +1.889908648e+01 -3.754809135e+02 -3.754809135e+02 +0.0000e+00 +2.5000e-04
5 0 +1.848773870e+01 -3.758922613e+02 -3.758922613e+02 +0.0000e+00 +5.0000e-04
8 0 +1.756263405e+01 -3.768173660e+02 -3.768173660e+02 -5.0000e-04 +1.2500e-03
9 0 +1.713821896e+01 -3.772417810e+02 -3.772417810e+02 -7.5000e-04 +1.7500e-03
16 0 +1.684063013e+01 -3.775393699e+02 -3.775393699e+02 -9.6875e-04 +1.8750e-03
24 0 +1.652699366e+01 -3.778530063e+02 -3.778530063e+02 -1.4180e-03 +2.2031e-03
27 0 +1.613052237e+01 -3.782494776e+02 -3.782494776e+02 -1.8672e-03 +2.5313e-03
28 0 +1.579941471e+01 -3.785805853e+02 -3.785805853e+02 -2.3281e-03 +2.9375e-03
30 0 +1.500281857e+01 -3.793771814e+02 -3.793771814e+02 -2.7480e-03 +3.0703e-03
102 0 +8.339490792e+00 -3.860405092e+02 -3.860405092e+02 +2.9168e+00 -1.9792e+00
108 0 +8.223376864e+00 -3.861566231e+02 -3.861566231e+02 +2.8300e+00 -2.0145e+00
114 0 +7.939954231e+00 -3.864400458e+02 -3.864400458e+02 +2.8755e+00 -1.9866e+00
115 0 +6.863359984e+00 -3.875166400e+02 -3.875166400e+02 +2.8321e+00 -2.0042e+00
118 0 +2.085755040e+00 -3.922942450e+02 -3.922942450e+02 +2.8419e+00 -2.0050e+00
129 0 +1.187186921e+00 -3.931928131e+02 -3.931928131e+02 +2.8442e+00 -2.0048e+00
131 0 +6.776753299e-01 -3.937023247e+02 -3.937023247e+02 +2.8464e+00 -2.0033e+00
135 0 +3.859661962e-01 -3.939940338e+02 -3.939940338e+02 +2.8454e+00 -2.0041e+00
138 0 +2.273587762e-01 -3.941526412e+02 -3.941526412e+02 +2.8458e+00 -2.0036e+00
141 0 +1.529440395e-01 -3.942270560e+02 -3.942270560e+02 +2.8457e+00 -2.0039e+00
143 0 +1.166809285e-01 -3.942633191e+02 -3.942633191e+02 +2.8460e+00 -2.0038e+00
147 0 +5.451628754e-02 -3.943254837e+02 -3.943254837e+02 +2.8458e+00 -2.0039e+00
152 0 +4.075940205e-02 -3.943392406e+02 -3.943392406e+02 +2.8460e+00 -2.0039e+00
154 0 +3.218517612e-02 -3.943478148e+02 -3.943478148e+02 +2.8460e+00 -2.0039e+00
156 0 +1.141648526e-02 -3.943685835e+02 -3.943685835e+02 +2.8459e+00 -2.0039e+00
159 0 +1.120159217e-02 -3.943687984e+02 -3.943687984e+02 +2.8459e+00 -2.0039e+00
161 0 +1.031707902e-02 -3.943696829e+02 -3.943696829e+02 +2.8459e+00 -2.0039e+00
163 0 +3.633939715e-03 -3.943763661e+02 -3.943763661e+02 +2.8459e+00 -2.0039e+00
168 0 +3.387009259e-03 -3.943766130e+02 -3.943766130e+02 +2.8459e+00 -2.0039e+00
173 0 +9.411765396e-04 -3.943790588e+02 -3.943790588e+02 +2.8459e+00 -2.0039e+00
179 0 +7.832318958e-04 -3.943792168e+02 -3.943792168e+02 +2.8459e+00 -2.0039e+00
181 0 +7.349265271e-04 -3.943792651e+02 -3.943792651e+02 +2.8459e+00 -2.0039e+00
183 0 +3.712522641e-04 -3.943796287e+02 -3.943796287e+02 +2.8459e+00 -2.0039e+00
185 0 +2.481644644e-04 -3.943797518e+02 -3.943797518e+02 +2.8459e+00 -2.0039e+00
187 0 +1.380285452e-04 -3.943798620e+02 -3.943798620e+02 +2.8459e+00 -2.0039e+00
189 0 +1.154424958e-04 -3.943798846e+02 -3.943798846e+02 +2.8459e+00 -2.0039e+00
% f evaluations | g evaluations | best noise-free fitness - Fopt (5.443000000000e+01) + sum g_i+ | measured fitness | best measured fitness or single-digit g-values | x1 | x2...
1 0 +2.789789578e+01 +8.232789578e+01 +8.232789578e+01 +0.0000e+00 +0.0000e+00
2 0 +2.639404261e+01 +8.082404261e+01 +8.082404261e+01 +2.5000e-04 +0.0000e+00
5 0 +2.573648255e+01 +8.016648255e+01 +8.016648255e+01 +3.7500e-04 +3.7500e-04
6 0 +2.510907534e+01 +7.953907534e+01 +7.953907534e+01 +6.2500e-04 +1.2500e-04
7 0 +2.363505838e+01 +7.806505838e+01 +7.806505838e+01 +9.3750e-04 +6.2500e-05
8 0 +2.193869124e+01 +7.636869124e+01 +7.636869124e+01 +1.0625e-03 +4.3750e-04
9 0 +1.888038969e+01 +7.331038969e+01 +7.331038969e+01 +1.4688e-03 +6.5625e-04
10 0 +1.685548473e+01 +7.128548473e+01 +7.128548473e+01 +2.0313e-03 +3.4375e-04
25 0 +1.659298941e+01 +7.102298941e+01 +7.102298941e+01 +2.0527e-03 +3.7695e-04
37 0 +1.620601706e+01 +7.063601706e+01 +7.063601706e+01 +2.6305e-03 -9.3469e-04
41 0 +1.534155668e+01 +6.977155668e+01 +6.977155668e+01 +3.6862e-03 -3.3316e-03
42 0 +1.509369434e+01 +6.952369434e+01 +6.952369434e+01 +4.3017e-03 -4.7411e-03
44 0 +1.387070794e+01 +6.830070794e+01 +6.830070794e+01 +5.6533e-03 -7.7474e-03
45 0 +1.377523944e+01 +6.820523944e+01 +6.820523944e+01 +6.6741e-03 -1.0110e-02
52 0 +1.334657339e+01 +6.777657339e+01 +6.777657339e+01 +6.4525e-03 -9.6204e-03
54 0 +1.311316001e+01 +6.754316001e+01 +6.754316001e+01 +6.1307e-03 -8.8736e-03
66 0 +1.288189219e+01 +6.731189219e+01 +6.731189219e+01 +6.2522e-03 -9.1652e-03
88 0 +1.253278056e+01 +6.696278056e+01 +6.696278056e+01 +6.2908e-03 -9.4483e-03
91 0 +1.214605502e+01 +6.657605502e+01 +6.657605502e+01 +6.3499e-03 -9.7627e-03
136 0 +1.074729313e+01 +6.517729313e+01 +6.517729313e+01 -7.8491e-01 -7.7562e-01
147 0 +8.585878748e+00 +6.301587875e+01 +6.301587875e+01 -7.8747e-01 -7.7571e-01
150 0 +7.059038509e+00 +6.148903851e+01 +6.148903851e+01 -7.8645e-01 -7.7450e-01
153 0 +6.785845052e+00 +6.121584505e+01 +6.121584505e+01 -7.8670e-01 -7.7627e-01
155 0 +6.482376748e+00 +6.091237675e+01 +6.091237675e+01 -7.8600e-01 -7.7727e-01
159 0 +6.025603947e+00 +6.045560395e+01 +6.045560395e+01 -7.8601e-01 -7.7884e-01
160 0 +5.823930337e+00 +6.025393034e+01 +6.025393034e+01 -7.8646e-01 -7.7608e-01
175 0 +5.733494908e+00 +6.016349491e+01 +6.016349491e+01 -7.8641e-01 -7.7634e-01
259 0 +5.349609797e+00 +5.977960980e+01 +5.977960980e+01 +7.8448e-01 +1.3972e+00
266 0 +4.919654064e+00 +5.934965406e+01 +5.934965406e+01 +7.8313e-01 +1.4046e+00
267 0 +4.663496045e+00 +5.909349605e+01 +5.909349605e+01 +7.8296e-01 +1.4045e+00
279 0 +4.384399495e+00 +5.881439949e+01 +5.881439949e+01 +7.8353e-01 +1.4017e+00
288 0 +4.309898943e+00 +5.873989894e+01 +5.873989894e+01 +7.8360e-01 +1.4013e+00
295 0 +4.248802485e+00 +5.867880249e+01 +5.867880249e+01 +7.8355e-01 +1.4015e+00
315 0 +4.158871160e+00 +5.858887116e+01 +5.858887116e+01 +7.8358e-01 +1.4012e+00
% f evaluations | g evaluations | best noise-free fitness - Fopt (1.396900000000e+02) + sum g_i+ | measured fitness | best measured fitness or single-digit g-values | x1 | x2...
1 0 +3.961222211e+01 +1.793022221e+02 +1.793022221e+02 +0.0000e+00 +0.0000e+00
4 0 +3.904816632e+01 +1.787381663e+02 +1.787381663e+02 +2.5000e-04 -2.5000e-04
5 0 +3.792393007e+01 +1.776139301e+02 +1.776139301e+02 +3.7500e-04 -5.0000e-04
8 0 +3.642649111e+01 +1.761164911e+02 +1.761164911e+02 +4.3750e-04 -1.2500e-03
9 0 +3.396595802e+01 +1.736559580e+02 +1.736559580e+02 +6.5625e-04 -1.8750e-03
10 0 +3.165322356e+01 +1.713432236e+02 +1.713432236e+02 +3.4375e-04 -2.1250e-03
11 0 +2.953253008e+01 +1.692225301e+02 +1.692225301e+02 +3.2813e-04 -2.9375e-03
12 0 +2.931629807e+01 +1.690062981e+02 +1.690062981e+02 +9.2188e-04 -4.0625e-03
13 0 +2.850825180e+01 +1.681982518e+02 +1.681982518e+02 +1.3516e-03 -5.7187e-03
14 0 +2.684461114e+01 +1.665346111e+02 +1.665346111e+02 +1.0234e-03 -6.7813e-03
15 0 +1.952767695e+01 +1.592176770e+02 +1.592176770e+02 +1.2070e-03 -9.2344e-03
20 0 +1.943922692e+01 +1.591292269e+02 +1.591292269e+02 +1.8008e-03 -1.0359e-02
26 0 +1.866943533e+01 +1.583594353e+02 +1.583594353e+02 +1.4316e-03 -9.5547e-03
28 0 +1.730749199e+01 +1.569974920e+02 +1.569974920e+02 +1.6362e-03 -9.9160e-03
79 0 +1.695768219e+01 +1.566476822e+02 +1.566476822e+02 +1.9027e-03 -1.0052e-02
85 0 +1.655161790e+01 +1.562416179e+02 +1.562416179e+02 +2.5881e-03 -1.0312e-02
136 0 +5.494023713e+00 +1.451840237e+02 +1.451840237e+02 -6.9278e-01 -1.1599e+00
151 0 +4.544308081e+00 +1.442343081e+02 +1.442343081e+02 -6.8642e-01 -1.1642e+00
152 0 +4.429284980e+00 +1.441192850e+02 +1.441192850e+02 -6.8156e-01 -1.1682e+00
153 0 +3.931925759e+00 +1.436219258e+02 +1.436219258e+02 -6.7838e-01 -1.1703e+00
158 0 +2.981783754e+00 +1.426717838e+02 +1.426717838e+02 -6.7452e-01 -1.1735e+00
159 0 +2.307933638e+00 +1.419979336e+02 +1.419979336e+02 -6.6858e-01 -1.1782e+00
160 0 +1.886299479e+00 +1.415762995e+02 +1.415762995e+02 -6.6439e-01 -1.1811e+00
161 0 +5.010798320e-01 +1.401910798e+02 +1.401910798e+02 -6.5530e-01 -1.1880e+00
171 0 +3.161207761e-01 +1.400061208e+02 +1.400061208e+02 -6.5664e-01 -1.1871e+00
174 0 +2.316612212e-01 +1.399216612e+02 +1.399216612e+02 -6.5692e-01 -1.1870e+00
178 0 +2.105682210e-01 +1.399005682e+02 +1.399005682e+02 -6.5646e-01 -1.1874e+00
180 0 +1.367260545e-01 +1.398267261e+02 +1.398267261e+02 -6.5720e-01 -1.1869e+00
183 0 +1.104449088e-01 +1.398004449e+02 +1.398004449e+02 -6.5748e-01 -1.1868e+00
186 0 +4.534694631e-02 +1.397353469e+02 +1.397353469e+02 -6.5704e-01 -1.1871e+00
193 0 +1.838492970e-02 +1.397083849e+02 +1.397083849e+02 -6.5720e-01 -1.1870e+00
199 0 +1.330716154e-02 +1.397033072e+02 +1.397033072e+02 -6.5715e-01 -1.1870e+00
202 0 +7.941898651e-03 +1.396979419e+02 +1.396979419e+02 -6.5717e-01 -1.1870e+00
206 0 +7.050634325e-03 +1.396970506e+02 +1.396970506e+02 -6.5716e-01 -1.1870e+00
208 0 +4.729705771e-03 +1.396947297e+02 +1.396947297e+02 -6.5716e-01 -1.1870e+00
210 0 +3.661711513e-03 +1.396936617e+02 +1.396936617e+02 -6.5717e-01 -1.1870e+00
212 0 +1.718711250e-03 +1.396917187e+02 +1.396917187e+02 -6.5716e-01 -1.1870e+00
216 0 +1.444447842e-03 +1.396914444e+02 +1.396914444e+02 -6.5716e-01 -1.1870e+00
217 0 +7.290499602e-04 +1.396907290e+02 +1.396907290e+02 -6.5716e-01 -1.1870e+00
220 0 +4.293591653e-04 +1.396904294e+02 +1.396904294e+02 -6.5716e-01 -1.1870e+00
224 0 +3.886912524e-04 +1.396903887e+02 +1.396903887e+02 -6.5716e-01 -1.1870e+00
406 0 +1.613614054e-04 +1.396901614e+02 +1.396901614e+02 -4.3524e+00 -1.0907e+00
413 0 +1.464999991e-04 +1.396901465e+02 +1.396901465e+02 -4.3524e+00 -1.0907e+00
415 0 +8.044887986e-05 +1.396900804e+02 +1.396900804e+02 -4.3524e+00 -1.0907e+00
% f evaluations | g evaluations | best noise-free fitness - Fopt (-5.794000000000e+01) + sum g_i+ | measured fitness | best measured fitness or single-digit g-values | x1 | x2...
1 0 +1.251023227e+01 -4.542976773e+01 -4.542976773e+01 +0.0000e+00 +0.0000e+00
2 0 +1.235504244e+01 -4.558495756e+01 -4.558495756e+01 +2.5000e-04 +0.0000e+00
5 0 +1.224694384e+01 -4.569305616e+01 -4.569305616e+01 +3.7500e-04 +3.7500e-04
7 0 +1.187525400e+01 -4.606474600e+01 -4.606474600e+01 +9.3750e-04 +6.2500e-05
8 0 +1.157747487e+01 -4.636252513e+01 -4.636252513e+01 +1.0625e-03 +4.3750e-04
9 0 +1.088739336e+01 -4.705260664e+01 -4.705260664e+01 +1.4688e-03 +6.5625e-04
12 0 +1.025052918e+01 -4.768947082e+01 -4.768947082e+01 +3.3750e-03 +1.3750e-03
14 0 +8.291765248e+00 -4.964823475e+01 -4.964823475e+01 +4.7188e-03 +2.4063e-03
15 0 +6.617992749e+00 -5.132200725e+01 -5.132200725e+01 +6.3438e-03 +3.2813e-03
16 0 +5.906978123e+00 -5.203302188e+01 -5.203302188e+01 +6.9063e-03 +2.9688e-03
19 0 +5.203525933e+00 -5.273647407e+01 -5.273647407e+01 +8.2500e-03 +4.0000e-03
21 0 +5.022290171e+00 -5.291770983e+01 -5.291770983e+01 +8.1953e-03 +3.5859e-03
23 0 +4.704827273e+00 -5.323517273e+01 -5.323517273e+01 +7.5645e-03 +3.3809e-03
26 0 +4.361034545e+00 -5.357896546e+01 -5.357896546e+01 +7.8662e-03 +3.3799e-03
33 0 +4.180346755e+00 -5.375965324e+01 -5.375965324e+01 +7.7993e-03 +3.3736e-03
40 0 +4.167579292e+00 -5.377242071e+01 -5.377242071e+01 +7.7875e-03 +3.4894e-03
107 0 +2.238962950e+00 -5.570103705e+01 -5.570103705e+01 +7.0070e-01 -2.6465e+00
113 0 +9.890208449e-01 -5.695097916e+01 -5.695097916e+01 +7.0021e-01 -2.6529e+00
120 0 +2.080390416e-01 -5.773196096e+01 -5.773196096e+01 +7.0071e-01 -2.6575e+00
129 0 +1.446401541e-01 -5.779535985e+01 -5.779535985e+01 +7.0064e-01 -2.6561e+00
131 0 +1.274272997e-01 -5.781257270e+01 -5.781257270e+01 +7.0060e-01 -2.6564e+00
133 0 +6.074818074e-02 -5.787925182e+01 -5.787925182e+01 +7.0066e-01 -2.6569e+00
137 0 +5.698909181e-02 -5.788301091e+01 -5.788301091e+01 +7.0068e-01 -2.6568e+00
139 0 +3.327391378e-02 -5.790672609e+01 -5.790672609e+01 +7.0065e-01 -2.6566e+00
142 0 +2.619179544e-02 -5.791380820e+01 -5.791380820e+01 +7.0064e-01 -2.6566e+00
145 0 +1.526543551e-02 -5.792473456e+01 -5.792473456e+01 +7.0066e-01 -2.6567e+00
148 0 +1.081772041e-02 -5.792918228e+01 -5.792918228e+01 +7.0065e-01 -2.6567e+00
150 0 +7.286218120e-03 -5.793271378e+01 -5.793271378e+01 +7.0065e-01 -2.6567e+00
152 0 +5.837665304e-03 -5.793416233e+01 -5.793416233e+01 +7.0065e-01 -2.6567e+00
154 0 +4.250584157e-03 -5.793574942e+01 -5.793574942e+01 +7.0065e-01 -2.6567e+00
156 0 +3.327390610e-03 -5.793667261e+01 -5.793667261e+01 +7.0065e-01 -2.6567e+00
158 0 +2.293473280e-03 -5.793770653e+01 -5.793770653e+01 +7.0065e-01 -2.6567e+00
160 0 +1.505083127e-03 -5.793849492e+01 -5.793849492e+01 +7.0065e-01 -2.6567e+00
164 0 +9.002623934e-04 -5.793909974e+01 -5.793909974e+01 +7.0065e-01 -2.6567e+00
166 0 +7.972387502e-04 -5.793920276e+01 -5.793920276e+01 +7.0065e-01 -2.6567e+00
168 0 +5.981432606e-04 -5.793940186e+01 -5.793940186e+01 +7.0065e-01 -2.6567e+00
170 0 +4.059727299e-04 -5.793959403e+01 -5.793959403e+01 +7.0065e-01 -2.6567e+00
171 0 +3.573249910e-04 -5.793964268e+01 -5.793964268e+01 +7.0065e-01 -2.6567e+00
174 0 +2.953609956e-04 -5.793970464e+01 -5.793970464e+01 +7.0065e-01 -2.6567e+00
176 0 +1.414662402e-04 -5.793985853e+01 -5.793985853e+01 +7.0065e-01 -2.6567e+00
362 0 +9.397160778e-05 -5.793990603e+01 -5.793990603e+01 +3.5843e+00 +2.1920e+00
% f evaluations | g evaluations | best noise-free fitness - Fopt (1.253900000000e+02) + sum g_i+ | measured fitness | best measured fitness or single-digit g-values | x1 | x2...
1 0 +4.763482949e+01 +1.730248295e+02 +1.730248295e+02 +0.0000e+00 +0.0000e+00
2 0 +4.634543555e+01 +1.717354356e+02 +1.717354356e+02 +2.5000e-04 +0.0000e+00
5 0 +4.500380012e+01 +1.703938001e+02 +1.703938001e+02 +3.7500e-04 +3.7500e-04
6 0 +4.303023329e+01 +1.684202333e+02 +1.684202333e+02 +6.2500e-04 +1.2500e-04
7 0 +4.073816034e+01 +1.661281603e+02 +1.661281603e+02 +9.3750e-04 +6.2500e-05
8 0 +3.893762582e+01 +1.643276258e+02 +1.643276258e+02 +1.0625e-03 +4.3750e-04
9 0 +3.602901969e+01 +1.614190197e+02 +1.614190197e+02 +1.4688e-03 +6.5625e-04
20 0 +3.501449560e+01 +1.604044956e+02 +1.604044956e+02 +1.3437e-03 +8.4375e-04
42 0 +3.464361345e+01 +1.600336134e+02 +1.600336134e+02 +1.3086e-03 +1.0176e-03
116 0 +1.298892359e+01 +1.383789236e+02 +1.383789236e+02 +1.4554e+00 -2.1947e+00
125 0 +1.169414907e+01 +1.370841491e+02 +1.370841491e+02 +1.4554e+00 -2.2221e+00
136 0 +6.986569913e+00 +1.323765699e+02 +1.323765699e+02 +1.4551e+00 -2.2052e+00
137 0 +5.690537821e+00 +1.310805378e+02 +1.310805378e+02 +1.4562e+00 -2.2180e+00
226 0 +4.833820764e+00 +1.302238208e+02 +1.302238208e+02 +2.6321e+00 -3.2239e+00
230 0 +3.276692111e+00 +1.286666921e+02 +1.286666921e+02 +2.6300e+00 -3.2127e+00
244 0 +3.124111453e+00 +1.285141115e+02 +1.285141115e+02 +2.6304e+00 -3.2175e+00
246 0 +2.657857024e+00 +1.280478570e+02 +1.280478570e+02 +2.6307e+00 -3.2175e+00
247 0 +2.362065361e+00 +1.277520654e+02 +1.277520654e+02 +2.6311e+00 -3.2223e+00
253 0 +2.226739852e+00 +1.276167399e+02 +1.276167399e+02 +2.6312e+00 -3.2241e+00
254 0 +2.098504241e+00 +1.274885042e+02 +1.274885042e+02 +2.6315e+00 -3.2274e+00
255 0 +1.747677518e+00 +1.271376775e+02 +1.271376775e+02 +2.6318e+00 -3.2305e+00
256 0 +1.533708462e+00 +1.269237085e+02 +1.269237085e+02 +2.6323e+00 -3.2360e+00
258 0 +8.790724079e-01 +1.262690724e+02 +1.262690724e+02 +2.6336e+00 -3.2497e+00
259 0 +2.821276804e-01 +1.256721277e+02 +1.256721277e+02 +2.6346e+00 -3.2609e+00
266 0 +7.753004296e-02 +1.254675300e+02 +1.254675300e+02 +2.6345e+00 -3.2591e+00
274 0 +7.559147173e-02 +1.254655915e+02 +1.254655915e+02 +2.6346e+00 -3.2601e+00
276 0 +6.408261535e-02 +1.254540826e+02 +1.254540826e+02 +2.6346e+00 -3.2595e+00
278 0 +3.605267653e-02 +1.254260527e+02 +1.254260527e+02 +2.6345e+00 -3.2594e+00
283 0 +2.026943847e-02 +1.254102694e+02 +1.254102694e+02 +2.6345e+00 -3.2596e+00
285 0 +1.240770253e-02 +1.254024077e+02 +1.254024077e+02 +2.6345e+00 -3.2594e+00
292 0 +1.222607771e-02 +1.254022261e+02 +1.254022261e+02 +2.6345e+00 -3.2594e+00
294 0 +5.999587972e-03 +1.253959996e+02 +1.253959996e+02 +2.6345e+00 -3.2594e+00
298 0 +1.827543936e-03 +1.253918275e+02 +1.253918275e+02 +2.6345e+00 -3.2594e+00
305 0 +1.689223813e-03 +1.253916892e+02 +1.253916892e+02 +2.6345e+00 -3.2594e+00
307 0 +8.883091331e-04 +1.253908883e+02 +1.253908883e+02 +2.6345e+00 -3.2594e+00
311 0 +4.775609706e-04 +1.253904776e+02 +1.253904776e+02 +2.6345e+00 -3.2594e+00
313 0 +2.436814716e-04 +1.253902437e+02 +1.253902437e+02 +2.6345e+00 -3.2594e+00
317 0 +2.345476653e-04 +1.253902345e+02 +1.253902345e+02 +2.6345e+00 -3.2594e+00
319 0 +2.074744058e-04 +1.253902075e+02 +1.253902075e+02 +2.6345e+00 -3.2594e+00
