% f evaluations | g evaluations | best noise-free fitness - Fopt (6.870000000000e+00) + sum g_i+ | measured fitness | best measured fitness or single-digit g-values | x1 | x2...
1 0 +4.405119605e+00 +1.127511961e+01 +1.127511961e+01 +0.0000e+00 +0.0000e+00 +0.0000e+00
4 0 +4.209271350e+00 +1.107927135e+01 +1.107927135e+01 +0.0000e+00 +0.0000e+00 +2.5000e-04
6 0 +4.082206373e+00 +1.095220637e+01 +1.095220637e+01 -1.3889e-04 -1.6667e-04 +2.7778e-04
7 0 +3.986828883e+00 +1.085682888e+01 +1.085682888e+01 -3.3333e-04 -2.5000e-04 +4.1667e-04
13 0 +3.802894900e+00 +1.067289490e+01 +1.067289490e+01 -5.5864e-04 -9.2593e-06 +4.3210e-04
23 0 +3.786602103e+00 +1.065660210e+01 +1.065660210e+01 -6.6161e-04 -5.7092e-05 +4.1112e-04
119 0 +3.369604322e+00 +1.023960432e+01 +1.023960432e+01 +4.7408e-01 -3.9864e+00 -1.5362e-01
139 0 +3.246348503e+00 +1.011634850e+01 +1.011634850e+01 +4.7425e-01 -3.9858e+00 -1.5361e-01
148 0 +3.145619360e+00 +1.001561936e+01 +1.001561936e+01 +4.7406e-01 -3.9858e+00 -1.5364e-01
149 0 +3.042506216e+00 +9.912506216e+00 +9.912506216e+00 +4.7410e-01 -3.9859e+00 -1.5375e-01
174 0 +3.013031691e+00 +9.883031691e+00 +9.883031691e+00 +4.7439e-01 -3.9863e+00 -1.5395e-01
289 0 +2.027268844e+00 +8.897268844e+00 +8.897268844e+00 +1.5934e+00 +8.7425e-01 -3.4141e+00
290 0 +1.380237603e+00 +8.250237603e+00 +8.250237603e+00 +1.5930e+00 +8.6582e-01 -3.4204e+00
292 0 +1.269814018e+00 +8.139814018e+00 +8.139814018e+00 +1.5830e+00 +8.8607e-01 -3.4088e+00
295 0 +8.062151300e-01 +7.676215130e+00 +7.676215130e+00 +1.5825e+00 +8.9027e-01 -3.4073e+00
304 0 +7.071644050e-01 +7.577164405e+00 +7.577164405e+00 +1.5828e+00 +8.9211e-01 -3.4060e+00
307 0 +6.221704235e-01 +7.492170424e+00 +7.492170424e+00 +1.5861e+00 +8.8386e-01 -3.4105e+00
309 0 +5.448063032e-01 +7.414806303e+00 +7.414806303e+00 +1.5856e+00 +8.8471e-01 -3.4099e+00
315 0 +4.763881705e-01 +7.346388171e+00 +7.346388171e+00 +1.5853e+00 +8.8563e-01 -3.4095e+00
318 0 +3.664591063e-01 +7.236459106e+00 +7.236459106e+00 +1.5846e+00 +8.8663e-01 -3.4090e+00
319 0 +3.545558910e-01 +7.224555891e+00 +7.224555891e+00 +1.5848e+00 +8.8593e-01 -3.4095e+00
331 0 +3.147730244e-01 +7.184773024e+00 +7.184773024e+00 +1.5846e+00 +8.8665e-01 -3.4091e+00
345 0 +3.013678148e-01 +7.171367815e+00 +7.171367815e+00 +1.5846e+00 +8.8656e-01 -3.4092e+00
357 0 +2.947480514e-01 +7.164748051e+00 +7.164748051e+00 +1.5846e+00 +8.8665e-01 -3.4092e+00
360 0 +2.825248931e-01 +7.152524893e+00 +7.152524893e+00 +1.5846e+00 +8.8673e-01 -3.4092e+00
361 0 +2.764114194e-01 +7.146411419e+00 +7.146411419e+00 +1.5846e+00 +8.8678e-01 -3.4092e+00
364 0 +2.664278544e-01 +7.136427854e+00 +7.136427854e+00 +1.5845e+00 +8.8693e-01 -3.4092e+00
365 0 +2.613209244e-01 +7.131320924e+00 +7.131320924e+00 +1.5845e+00 +8.8705e-01 -3.4093e+00
368 0 +2.527862541e-01 +7.122786254e+00 +7.122786254e+00 +1.5845e+00 +8.8721e-01 -3.4093e+00
369 0 +2.363699478e-01 +7.106369948e+00 +7.106369948e+00 +1.5845e+00 +8.8743e-01 -3.4094e+00
371 0 +2.138216315e-01 +7.083821631e+00 +7.083821631e+00 +1.5844e+00 +8.8767e-01 -3.4094e+00
373 0 +1.656036744e-01 +7.035603674e+00 +7.035603674e+00 +1.5843e+00 +8.8818e-01 -3.4096e+00
374 0 +1.167366634e-01 +6.986736663e+00 +6.986736663e+00 +1.5842e+00 +8.8875e-01 -3.4097e+00
376 0 +9.290726284e-02 +6.962907263e+00 +6.962907263e+00 +1.5842e+00 +8.8899e-01 -3.4097e+00
377 0 +2.718584884e-02 +6.897185849e+00 +6.897185849e+00 +1.5841e+00 +8.8962e-01 -3.4099e+00
399 0 +2.632837668e-02 +6.896328377e+00 +6.896328377e+00 +1.5841e+00 +8.8956e-01 -3.4099e+00
401 0 +2.504847577e-02 +6.895048476e+00 +6.895048476e+00 +1.5841e+00 +8.8958e-01 -3.4099e+00
404 0 +2.385267030e-02 +6.893852670e+00 +6.893852670e+00 +1.5841e+00 +8.8954e-01 -3.4099e+00
406 0 +2.247669694e-02 +6.892476697e+00 +6.892476697e+00 +1.5841e+00 +8.8958e-01 -3.4099e+00
412 0 +2.183468280e-02 +6.891834683e+00 +6.891834683e+00 +1.5841e+00 +8.8958e-01 -3.4099e+00
414 0 +2.103535560e-02 +6.891035356e+00 +6.891035356e+00 +1.5841e+00 +8.8956e-01 -3.4099e+00
421 0 +2.022406479e-02 +6.890224065e+00 +6.890224065e+00 +1.5841e+00 +8.8957e-01 -3.4099e+00
437 0 +1.990491458e-02 +6.889904915e+00 +6.889904915e+00 +1.5841e+00 +8.8957e-01 -3.4099e+00
557 0 +1.362030156e-02 +6.883620302e+00 +6.883620302e+00 +3.0493e-01 +2.1080e+00 +5.2629e-01
560 0 +1.204956484e-02 +6.882049565e+00 +6.882049565e+00 +3.0492e-01 +2.1081e+00 +5.2632e-01
565 0 +8.630057096e-03 +6.878630057e+00 +6.878630057e+00 +3.0493e-01 +2.1081e+00 +5.2629e-01
571 0 +6.641687955e-03 +6.876641688e+00 +6.876641688e+00 +3.0495e-01 +2.1080e+00 +5.2628e-01
572 0 +3.523779454e-03 +6.873523779e+00 +6.873523779e+00 +3.0496e-01 +2.1080e+00 +5.2626e-01
579 0 +1.675916615e-03 +6.871675917e+00 +6.871675917e+00 +3.0496e-01 +2.1080e+00 +5.2625e-01
581 0 +1.178027249e-03 +6.871178027e+00 +6.871178027e+00 +3.0496e-01 +2.1080e+00 +5.2626e-01
588 0 +1.000851854e-03 +6.871000852e+00 +6.871000852e+00 +3.0496e-01 +2.1080e+00 +5.2626e-01
590 0 +5.254151636e-04 +6.870525415e+00 +6.870525415e+00 +3.0496e-01 +2.1080e+00 +5.2626e-01
599 0 +4.695227587e-04 +6.870469523e+00 +6.870469523e+00 +3.0496e-01 +2.1080e+00 +5.2626e-01
605 0 +2.057262198e-04 +6.870205726e+00 +6.870205726e+00 +3.0496e-01 +2.1080e+00 +5.2626e-01
784 0 +1.355507350e-04 +6.870135551e+00 +6.870135551e+00 +1.5018e+00 +2.2085e+00 -1.3217e+00
% f evaluations | g evaluations | best noise-free fitness - Fopt (1.000000000000e-02) + sum g_i+ | measured fitness | best measured fitness or single-digit g-values | x1 | x2...
1 0 +1.295653969e+01 +1.296653969e+01 +1.296653969e+01 +0.0000e+00 +0.0000e+00 +0.0000e+00
2 0 +1.235731008e+01 +1.236731008e+01 +1.236731008e+01 +2.5000e-04 +0.0000e+00 +0.0000e+00
5 0 +1.165539075e+01 +1.166539075e+01 +1.166539075e+01 +1.6667e-04 +1.6667e-04 -2.5000e-04
6 0 +1.045809060e+01 +1.046809060e+01 +1.046809060e+01 +2.5000e-04 +2.5000e-04 -5.0000e-04
8 0 +1.006049577e+01 +1.007049577e+01 +1.007049577e+01 +5.5556e-04 +1.3889e-04 -5.5556e-04
14 0 +9.821574706e+00 +9.831574706e+00 +9.831574706e+00 +3.7500e-04 +2.3611e-04 -5.9722e-04
19 0 +9.747280187e+00 +9.757280187e+00 +9.757280187e+00 +2.8627e-04 +4.0201e-04 -5.9645e-04
35 0 +9.484554348e+00 +9.494554348e+00 +9.494554348e+00 -1.7984e-04 +6.3172e-04 -9.2493e-04
36 0 +9.291668402e+00 +9.301668402e+00 +9.301668402e+00 -4.1289e-04 +7.4657e-04 -1.0892e-03
165 0 +7.340614069e+00 +7.350614069e+00 +7.350614069e+00 -7.3839e-01 -1.5488e-01 +1.3524e+00
173 0 +6.489170954e+00 +6.499170954e+00 +6.499170954e+00 -7.5216e-01 -1.5083e-01 +1.3510e+00
176 0 +6.071058211e+00 +6.081058211e+00 +6.081058211e+00 -7.3183e-01 -1.5364e-01 +1.3585e+00
187 0 +5.798382712e+00 +5.808382712e+00 +5.808382712e+00 -7.4435e-01 -1.5215e-01 +1.3531e+00
191 0 +5.643806950e+00 +5.653806950e+00 +5.653806950e+00 -7.3844e-01 -1.5303e-01 +1.3545e+00
192 0 +4.542887605e+00 +4.552887605e+00 +4.552887605e+00 -7.4919e-01 -1.5203e-01 +1.3494e+00
195 0 +4.245763054e+00 +4.255763054e+00 +4.255763054e+00 -7.5452e-01 -1.5054e-01 +1.3486e+00
200 0 +3.666322430e+00 +3.676322430e+00 +3.676322430e+00 -7.5173e-01 -1.5146e-01 +1.3485e+00
206 0 +3.543452890e+00 +3.553452890e+00 +3.553452890e+00 -7.5374e-01 -1.5087e-01 +1.3483e+00
211 0 +3.408890654e+00 +3.418890654e+00 +3.418890654e+00 -7.5344e-01 -1.5107e-01 +1.3482e+00
216 0 +3.383605585e+00 +3.393605585e+00 +3.393605585e+00 -7.5300e-01 -1.5107e-01 +1.3485e+00
220 0 +3.217185724e+00 +3.227185724e+00 +3.227185724e+00 -7.5278e-01 -1.5123e-01 +1.3484e+00
236 0 +3.155876219e+00 +3.165876219e+00 +3.165876219e+00 -7.5253e-01 -1.5132e-01 +1.3485e+00
334 0 +2.929573097e+00 +2.939573097e+00 +2.939573097e+00 +1.6364e+00 -1.3297e+00 -3.4840e+00
336 0 +2.511556818e+00 +2.521556818e+00 +2.521556818e+00 +1.6365e+00 -1.3330e+00 -3.4852e+00
340 0 +1.961966399e+00 +1.971966399e+00 +1.971966399e+00 +1.6312e+00 -1.3335e+00 -3.4878e+00
344 0 +1.828743383e+00 +1.838743383e+00 +1.838743383e+00 +1.6328e+00 -1.3355e+00 -3.4873e+00
346 0 +1.777230693e+00 +1.787230693e+00 +1.787230693e+00 +1.6321e+00 -1.3346e+00 -3.4888e+00
348 0 +1.698091649e+00 +1.708091649e+00 +1.708091649e+00 +1.6304e+00 -1.3372e+00 -3.4901e+00
351 0 +1.645933893e+00 +1.655933893e+00 +1.655933893e+00 +1.6296e+00 -1.3359e+00 -3.4898e+00
353 0 +1.345083531e+00 +1.355083531e+00 +1.355083531e+00 +1.6317e+00 -1.3357e+00 -3.4884e+00
366 0 +1.269761986e+00 +1.279761986e+00 +1.279761986e+00 +1.6318e+00 -1.3359e+00 -3.4887e+00
367 0 +1.160602153e+00 +1.170602153e+00 +1.170602153e+00 +1.6320e+00 -1.3355e+00 -3.4884e+00
390 0 +1.136964812e+00 +1.146964812e+00 +1.146964812e+00 +1.6319e+00 -1.3354e+00 -3.4884e+00
420 0 +1.117571832e+00 +1.127571832e+00 +1.127571832e+00 +1.6318e+00 -1.3353e+00 -3.4884e+00
% f evaluations | g evaluations | best noise-free fitness - Fopt (-1.306100000000e+02) + sum g_i+ | measured fitness | best measured fitness or single-digit g-values | x1 | x2...
1 0 +1.229607456e+01 -1.183139254e+02 -1.183139254e+02 +0.0000e+00 +0.0000e+00 +0.0000e+00
2 0 +1.222721411e+01 -1.183827859e+02 -1.183827859e+02 +2.5000e-04 +0.0000e+00 +0.0000e+00
6 0 +1.189577340e+01 -1.187142266e+02 -1.187142266e+02 +2.5000e-04 +2.5000e-04 +2.5000e-04
7 0 +1.167839706e+01 -1.189316029e+02 -1.189316029e+02 -8.3333e-05 +3.3333e-04 +3.3333e-04
8 0 +1.139985234e+01 -1.192101477e+02 -1.192101477e+02 -2.5000e-04 +5.0000e-04 +5.0000e-04
10 0 +1.109948499e+01 -1.195105150e+02 -1.195105150e+02 +0.0000e+00 +1.0000e-03 +2.5000e-04
11 0 +1.079653720e+01 -1.198134628e+02 -1.198134628e+02 +0.0000e+00 +9.1667e-04 +6.6667e-04
12 0 +1.031832221e+01 -1.202916778e+02 -1.202916778e+02 +0.0000e+00 +1.2500e-03 +1.0000e-03
13 0 +9.791389740e+00 -1.208186103e+02 -1.208186103e+02 -4.1667e-04 +1.5833e-03 +9.1667e-04
14 0 +8.239515226e+00 -1.223704848e+02 -1.223704848e+02 -7.5000e-04 +2.2500e-03 +1.2500e-03
15 0 +8.003395887e+00 -1.226066041e+02 -1.226066041e+02 -2.5000e-04 +2.5000e-03 +1.1667e-03
16 0 +6.459160293e+00 -1.241508397e+02 -1.241508397e+02 -2.5000e-04 +3.5000e-03 +1.5000e-03
17 0 +5.409835214e+00 -1.252001648e+02 -1.252001648e+02 -6.6667e-04 +3.6667e-03 +2.2500e-03
18 0 +4.218435176e+00 -1.263915648e+02 -1.263915648e+02 -1.0000e-03 +5.0000e-03 +3.2500e-03
22 0 +3.757816058e+00 -1.268521839e+02 -1.268521839e+02 -6.7593e-04 +4.7963e-03 +2.4444e-03
32 0 +3.646019683e+00 -1.269639803e+02 -1.269639803e+02 -8.8362e-04 +4.7850e-03 +2.9178e-03
36 0 +3.599750818e+00 -1.270102492e+02 -1.270102492e+02 -8.0456e-04 +4.7852e-03 +2.5854e-03
42 0 +3.530317020e+00 -1.270796830e+02 -1.270796830e+02 -8.8121e-04 +4.7847e-03 +2.7814e-03
56 0 +3.463443486e+00 -1.271465565e+02 -1.271465565e+02 -8.9249e-04 +4.7758e-03 +2.6926e-03
125 0 +3.259621803e+00 -1.273503782e+02 -1.273503782e+02 -7.2281e-01 +2.9980e-01 +8.7528e-02
132 0 +2.820099461e+00 -1.277899005e+02 -1.277899005e+02 -7.2173e-01 +3.0038e-01 +8.7864e-02
139 0 +2.767795720e+00 -1.278422043e+02 -1.278422043e+02 -7.2222e-01 +3.0025e-01 +8.7338e-02
143 0 +2.635309021e+00 -1.279746910e+02 -1.279746910e+02 -7.2237e-01 +3.0030e-01 +8.7791e-02
146 0 +2.580974643e+00 -1.280290254e+02 -1.280290254e+02 -7.2195e-01 +3.0027e-01 +8.7795e-02
150 0 +2.556397408e+00 -1.280536026e+02 -1.280536026e+02 -7.2205e-01 +3.0010e-01 +8.7892e-02
154 0 +2.508154558e+00 -1.281018454e+02 -1.281018454e+02 -7.2211e-01 +3.0021e-01 +8.7715e-02
167 0 +2.447787314e+00 -1.281622127e+02 -1.281622127e+02 -7.2221e-01 +3.0025e-01 +8.7686e-02
239 0 +1.063940119e+00 -1.295460599e+02 -1.295460599e+02 +8.9830e-01 +3.4098e+00 +2.0035e+00
247 0 +1.018234996e+00 -1.295917650e+02 -1.295917650e+02 +8.9770e-01 +3.4031e+00 +2.0102e+00
250 0 +8.335009951e-01 -1.297764990e+02 -1.297764990e+02 +8.9826e-01 +3.4067e+00 +2.0044e+00
252 0 +5.560829725e-01 -1.300539170e+02 -1.300539170e+02 +8.9690e-01 +3.4095e+00 +2.0021e+00
256 0 +5.460850693e-01 -1.300639149e+02 -1.300639149e+02 +8.9604e-01 +3.4101e+00 +2.0005e+00
261 0 +4.941218706e-01 -1.301158781e+02 -1.301158781e+02 +8.9683e-01 +3.4065e+00 +2.0050e+00
262 0 +4.827235284e-01 -1.301272765e+02 -1.301272765e+02 +8.9582e-01 +3.4051e+00 +2.0066e+00
265 0 +3.752458116e-01 -1.302347542e+02 -1.302347542e+02 +8.9616e-01 +3.4079e+00 +2.0034e+00
268 0 +3.054794382e-01 -1.303045206e+02 -1.303045206e+02 +8.9532e-01 +3.4060e+00 +2.0059e+00
269 0 +2.568570633e-01 -1.303531429e+02 -1.303531429e+02 +8.9456e-01 +3.4058e+00 +2.0063e+00
272 0 +2.310393855e-01 -1.303789606e+02 -1.303789606e+02 +8.9308e-01 +3.4060e+00 +2.0058e+00
275 0 +6.166830752e-02 -1.305483317e+02 -1.305483317e+02 +8.9433e-01 +3.4073e+00 +2.0043e+00
290 0 +5.878950005e-02 -1.305512105e+02 -1.305512105e+02 +8.9450e-01 +3.4072e+00 +2.0042e+00
291 0 +4.462062586e-02 -1.305653794e+02 -1.305653794e+02 +8.9430e-01 +3.4069e+00 +2.0049e+00
294 0 +3.288992859e-02 -1.305771101e+02 -1.305771101e+02 +8.9434e-01 +3.4071e+00 +2.0045e+00
296 0 +2.997480385e-02 -1.305800252e+02 -1.305800252e+02 +8.9436e-01 +3.4072e+00 +2.0044e+00
300 0 +1.962343658e-02 -1.305903766e+02 -1.305903766e+02 +8.9434e-01 +3.4070e+00 +2.0046e+00
303 0 +1.612282597e-02 -1.305938772e+02 -1.305938772e+02 +8.9439e-01 +3.4071e+00 +2.0045e+00
306 0 +1.389524562e-02 -1.305961048e+02 -1.305961048e+02 +8.9439e-01 +3.4071e+00 +2.0045e+00
309 0 +2.670860238e-03 -1.306073291e+02 -1.306073291e+02 +8.9436e-01 +3.4070e+00 +2.0046e+00
330 0 +2.497218432e-03 -1.306075028e+02 -1.306075028e+02 +8.9435e-01 +3.4070e+00 +2.0046e+00
331 0 +2.335381478e-03 -1.306076646e+02 -1.306076646e+02 +8.9436e-01 +3.4071e+00 +2.0045e+00
336 0 +1.790750056e-03 -1.306082092e+02 -1.306082092e+02 +8.9436e-01 +3.4070e+00 +2.0046e+00
338 0 +1.442573443e-03 -1.306085574e+02 -1.306085574e+02 +8.9436e-01 +3.4070e+00 +2.0046e+00
341 0 +1.329738573e-03 -1.306086703e+02 -1.306086703e+02 +8.9436e-01 +3.4071e+00 +2.0046e+00
343 0 +1.104663922e-03 -1.306088953e+02 -1.306088953e+02 +8.9436e-01 +3.4071e+00 +2.0046e+00
344 0 +5.165263633e-04 -1.306094835e+02 -1.306094835e+02 +8.9436e-01 +3.4071e+00 +2.0046e+00
352 0 +3.406212693e-04 -1.306096594e+02 -1.306096594e+02 +8.9436e-01 +3.4071e+00 +2.0046e+00
355 0 +2.750741817e-04 -1.306097249e+02 -1.306097249e+02 +8.9436e-01 +3.4071e+00 +2.0046e+00
358 0 +2.514701416e-04 -1.306097485e+02 -1.306097485e+02 +8.9435e-01 +3.4071e+00 +2.0046e+00
361 0 +2.096199526e-04 -1.306097904e+02 -1.306097904e+02 +8.9435e-01 +3.4071e+00 +2.0046e+00
363 0 +1.385473575e-04 -1.306098615e+02 -1.306098615e+02 +8.9435e-01 +3.4071e+00 +2.0046e+00
% f evaluations | g evaluations | best noise-free fitness - Fopt (-2.231200000000e+02) + sum g_i+ | measured fitness | best measured fitness or single-digit g-values | x1 | x2...
1 0 +5.339703202e+01 -1.697229680e+02 -1.697229680e+02 +0.0000e+00 +0.0000e+00 +0.0000e+00
8 0 +5.326934512e+01 -1.698506549e+02 -1.698506549e+02 -6.2500e-05 -6.2500e-05 +1.8750e-04
18 0 +5.247472710e+01 -1.706452729e+02 -1.706452729e+02 -1.3426e-04 +1.3889e-05 -2.3611e-04
26 0 +5.108019923e+01 -1.720398008e+02 -1.720398008e+02 -3.7600e-04 +2.4803e-04 -1.6748e-03
27 0 +4.937915963e+01 -1.737408404e+02 -1.737408404e+02 -4.9687e-04 +3.6510e-04 -2.3942e-03
46 0 +4.895599218e+01 -1.741640078e+02 -1.741640078e+02 -5.7059e-04 +4.5016e-04 -2.6756e-03
131 0 +2.781397078e+01 -1.953060292e+02 -1.953060292e+02 -8.1761e-01 +4.9491e+00 -3.1122e+00
132 0 +7.424928397e+00 -2.156950716e+02 -2.156950716e+02 -8.5849e-01 +4.9491e+00 -3.1122e+00
148 0 +3.205415170e+00 -2.199145848e+02 -2.199145848e+02 -8.5158e-01 +4.9623e+00 -3.1046e+00
157 0 +2.648128649e+00 -2.204718714e+02 -2.204718714e+02 -8.5316e-01 +4.9585e+00 -3.1168e+00
159 0 +2.538628578e+00 -2.205813714e+02 -2.205813714e+02 -8.5398e-01 +4.9598e+00 -3.1115e+00
161 0 +2.168056502e+00 -2.209519435e+02 -2.209519435e+02 -8.5282e-01 +4.9656e+00 -3.1104e+00
163 0 +1.857361309e+00 -2.212626387e+02 -2.212626387e+02 -8.5245e-01 +4.9618e+00 -3.1088e+00
165 0 +1.528290156e+00 -2.215917098e+02 -2.215917098e+02 -8.5312e-01 +4.9604e+00 -3.1135e+00
171 0 +1.367815627e+00 -2.217521844e+02 -2.217521844e+02 -8.5279e-01 +4.9617e+00 -3.1103e+00
173 0 +1.335874781e+00 -2.217841252e+02 -2.217841252e+02 -8.5272e-01 +4.9622e+00 -3.1117e+00
180 0 +1.127507639e+00 -2.219924924e+02 -2.219924924e+02 -8.5281e-01 +4.9614e+00 -3.1112e+00
189 0 +1.081892360e+00 -2.220381076e+02 -2.220381076e+02 -8.5287e-01 +4.9615e+00 -3.1112e+00
192 0 +1.055226312e+00 -2.220647737e+02 -2.220647737e+02 -8.5283e-01 +4.9615e+00 -3.1116e+00
194 0 +9.631618724e-01 -2.221568381e+02 -2.221568381e+02 -8.5289e-01 +4.9613e+00 -3.1115e+00
203 0 +9.366730826e-01 -2.221833269e+02 -2.221833269e+02 -8.5287e-01 +4.9611e+00 -3.1115e+00
206 0 +9.308392701e-01 -2.221891607e+02 -2.221891607e+02 -8.5290e-01 +4.9611e+00 -3.1116e+00
450 0 +9.086354793e-01 -2.222113645e+02 -2.222113645e+02 -3.3641e+00 +6.2822e-01 -5.3241e-01
457 0 +8.689724667e-01 -2.222510275e+02 -2.222510275e+02 -3.3642e+00 +6.2760e-01 -5.3262e-01
460 0 +7.183775657e-01 -2.224016224e+02 -2.224016224e+02 -3.3643e+00 +6.2801e-01 -5.3228e-01
472 0 +6.907582534e-01 -2.224292417e+02 -2.224292417e+02 -3.3643e+00 +6.2813e-01 -5.3248e-01
481 0 +6.755297932e-01 -2.224444702e+02 -2.224444702e+02 -3.3643e+00 +6.2812e-01 -5.3247e-01
761 0 +5.262827314e-01 -2.225937173e+02 -2.225937173e+02 -3.5825e+00 -8.4329e-01 -1.1583e+00
768 0 +4.886314351e-01 -2.226313686e+02 -2.226313686e+02 -3.5826e+00 -8.4385e-01 -1.1582e+00
777 0 +4.757490388e-01 -2.226442510e+02 -2.226442510e+02 -3.5826e+00 -8.4341e-01 -1.1583e+00
779 0 +4.582501758e-01 -2.226617498e+02 -2.226617498e+02 -3.5826e+00 -8.4343e-01 -1.1585e+00
781 0 +4.502695746e-01 -2.226697304e+02 -2.226697304e+02 -3.5826e+00 -8.4365e-01 -1.1583e+00
785 0 +4.461016215e-01 -2.226738984e+02 -2.226738984e+02 -3.5826e+00 -8.4347e-01 -1.1584e+00
794 0 +4.335894453e-01 -2.226864106e+02 -2.226864106e+02 -3.5826e+00 -8.4356e-01 -1.1584e+00
821 0 +4.263336741e-01 -2.226936663e+02 -2.226936663e+02 -3.5826e+00 -8.4358e-01 -1.1584e+00
% f evaluations | g evaluations | best noise-free fitness - Fopt (-4.443000000000e+01) + sum g_i+ | measured fitness | best measured fitness or single-digit g-values | x1 | x2...
1 0 +4.437367499e+00 -3.999263250e+01 -3.999263250e+01 +0.0000e+00 +0.0000e+00 +0.0000e+00
3 0 +4.278246633e+00 -4.015175337e+01 -4.015175337e+01 +0.0000e+00 +2.5000e-04 +0.0000e+00
5 0 +4.237691982e+00 -4.019230802e+01 -4.019230802e+01 -2.5000e-04 +1.6667e-04 +1.6667e-04
6 0 +4.023411826e+00 -4.040658817e+01 -4.040658817e+01 -5.0000e-04 +2.5000e-04 +2.5000e-04
9 0 +3.770539259e+00 -4.065946074e+01 -4.065946074e+01 -8.3333e-04 +8.3333e-04 +1.6667e-04
10 0 +3.704935740e+00 -4.072506426e+01 -4.072506426e+01 -1.1111e-03 +6.9444e-04 +2.2222e-04
11 0 +3.296061057e+00 -4.113393894e+01 -4.113393894e+01 -1.6667e-03 +9.1667e-04 +3.3333e-04
13 0 +3.216444202e+00 -4.121355580e+01 -4.121355580e+01 -2.3333e-03 +1.3333e-03 +9.1667e-04
14 0 +2.846152609e+00 -4.158384739e+01 -4.158384739e+01 -2.7222e-03 +1.8056e-03 +6.9444e-04
15 0 +2.758563671e+00 -4.167143633e+01 -4.167143633e+01 -3.8333e-03 +2.5833e-03 +9.1667e-04
18 0 +2.350709342e+00 -4.207929066e+01 -4.207929066e+01 -6.7284e-03 +4.1728e-03 +1.7068e-03
19 0 +1.532649402e+00 -4.289735060e+01 -4.289735060e+01 -8.9259e-03 +5.5926e-03 +2.1019e-03
21 0 +1.156530966e+00 -4.327346903e+01 -4.327346903e+01 -8.1584e-03 +5.5658e-03 +1.4835e-03
30 0 +1.127228093e+00 -4.330277191e+01 -4.330277191e+01 -8.4177e-03 +5.7418e-03 +1.2521e-03
33 0 +1.118603737e+00 -4.331139626e+01 -4.331139626e+01 -8.9576e-03 +5.8458e-03 +1.6792e-03
37 0 +1.062018466e+00 -4.336798153e+01 -4.336798153e+01 -8.4336e-03 +5.6059e-03 +1.5165e-03
39 0 +1.011207099e+00 -4.341879290e+01 -4.341879290e+01 -8.3807e-03 +5.6485e-03 +1.4831e-03
41 0 +9.998560308e-01 -4.343014397e+01 -4.343014397e+01 -8.5042e-03 +5.7209e-03 +1.4058e-03
44 0 +9.506645197e-01 -4.347933548e+01 -4.347933548e+01 -8.2766e-03 +5.6836e-03 +1.3182e-03
53 0 +9.273895028e-01 -4.350261050e+01 -4.350261050e+01 -8.3171e-03 +5.6514e-03 +1.3805e-03
61 0 +9.085713461e-01 -4.352142865e+01 -4.352142865e+01 -8.3331e-03 +5.6623e-03 +1.3811e-03
813 0 +8.424237904e-01 -4.358757621e+01 -4.358757621e+01 +1.2860e-01 +5.2645e-01 +1.5216e+00
815 0 +7.955413054e-01 -4.363445869e+01 -4.363445869e+01 +1.2840e-01 +5.2700e-01 +1.5221e+00
819 0 +7.905804984e-01 -4.363941950e+01 -4.363941950e+01 +1.2859e-01 +5.2732e-01 +1.5221e+00
821 0 +7.215076572e-01 -4.370849234e+01 -4.370849234e+01 +1.2856e-01 +5.2674e-01 +1.5218e+00
829 0 +6.940754541e-01 -4.373592455e+01 -4.373592455e+01 +1.2851e-01 +5.2687e-01 +1.5219e+00
831 0 +6.907361478e-01 -4.373926385e+01 -4.373926385e+01 +1.2854e-01 +5.2682e-01 +1.5218e+00
841 0 +6.710557084e-01 -4.375894429e+01 -4.375894429e+01 +1.2852e-01 +5.2679e-01 +1.5218e+00
% f evaluations | g evaluations | best noise-free fitness - Fopt (2.557800000000e+02) + sum g_i+ | measured fitness | best measured fitness or single-digit g-values | x1 | x2...
1 0 +4.720781675e+01 +3.029878168e+02 +3.029878168e+02 +0.0000e+00 +0.0000e+00 +0.0000e+00
2 0 +4.657525459e+01 +3.023552546e+02 +3.023552546e+02 +2.5000e-04 +0.0000e+00 +0.0000e+00
14 0 +4.562151332e+01 +3.014015133e+02 +3.014015133e+02 +2.6955e-04 +3.9300e-04 +2.4897e-04
92 0 +4.466276237e+01 +3.004427624e+02 +3.004427624e+02 +2.4701e-04 +3.3535e-04 +5.8416e-04
159 0 +1.040098381e+01 +2.661809838e+02 +2.661809838e+02 -1.7430e+00 -3.5756e-01 +3.0955e+00
170 0 +4.114301589e+00 +2.598943016e+02 +2.598943016e+02 -1.7566e+00 -3.6000e-01 +3.1209e+00
185 0 +3.495493479e+00 +2.592754935e+02 +2.592754935e+02 -1.7483e+00 -3.5954e-01 +3.1272e+00
189 0 +2.439444801e+00 +2.582194448e+02 +2.582194448e+02 -1.7490e+00 -3.5977e-01 +3.1265e+00
190 0 +8.999278925e-01 +2.566799279e+02 +2.566799279e+02 -1.7525e+00 -3.6024e-01 +3.1324e+00
204 0 +7.822216228e-01 +2.565622216e+02 +2.565622216e+02 -1.7524e+00 -3.6032e-01 +3.1321e+00
210 0 +7.092258630e-01 +2.564892259e+02 +2.564892259e+02 -1.7527e+00 -3.6030e-01 +3.1317e+00
217 0 +6.663019559e-01 +2.564463020e+02 +2.564463020e+02 -1.7525e+00 -3.6032e-01 +3.1319e+00
223 0 +6.567719360e-01 +2.564367719e+02 +2.564367719e+02 -1.7527e+00 -3.6031e-01 +3.1318e+00
227 0 +6.334083810e-01 +2.564134084e+02 +2.564134084e+02 -1.7526e+00 -3.6033e-01 +3.1318e+00
229 0 +6.175091887e-01 +2.563975092e+02 +2.563975092e+02 -1.7526e+00 -3.6032e-01 +3.1318e+00
235 0 +5.983581086e-01 +2.563783581e+02 +2.563783581e+02 -1.7526e+00 -3.6033e-01 +3.1319e+00
265 0 +5.888020097e-01 +2.563688020e+02 +2.563688020e+02 -1.7526e+00 -3.6033e-01 +3.1319e+00
% f evaluations | g evaluations | best noise-free fitness - Fopt (1.000000000000e+03) + sum g_i+ | measured fitness | best measured fitness or single-digit g-values | x1 | x2...
1 0 +2.642453467e+01 +1.026424535e+03 +1.026424535e+03 +0.0000e+00 +0.0000e+00 +0.0000e+00
4 0 +2.618163919e+01 +1.026181639e+03 +1.026181639e+03 +0.0000e+00 +0.0000e+00 +2.5000e-04
7 0 +2.556088008e+01 +1.025560880e+03 +1.025560880e+03 -8.3333e-05 -3.3333e-04 +3.3333e-04
8 0 +2.449825300e+01 +1.024498253e+03 +1.024498253e+03 -2.5000e-04 -5.0000e-04 +5.0000e-04
10 0 +2.309619374e+01 +1.023096194e+03 +1.023096194e+03 +0.0000e+00 -1.0000e-03 +1.0000e-03
24 0 +2.288630341e+01 +1.022886303e+03 +1.022886303e+03 -1.0822e-04 -9.7068e-04 +9.0606e-04
72 0 +2.233870226e+01 +1.022338702e+03 +1.022338702e+03 -1.8754e-04 -7.1226e-04 +1.5654e-03
148 0 +1.693356883e+01 +1.016933569e+03 +1.016933569e+03 +5.7084e-02 -2.0445e+00 +2.7149e+00
151 0 +1.171041700e+01 +1.011710417e+03 +1.011710417e+03 +6.0255e-02 -2.0554e+00 +2.6244e+00
160 0 +4.536909953e+00 +1.004536910e+03 +1.004536910e+03 +5.8670e-02 -2.0500e+00 +2.6697e+00
169 0 +3.135369294e+00 +1.003135369e+03 +1.003135369e+03 +5.8489e-02 -2.0436e+00 +2.6909e+00
181 0 +2.873997675e+00 +1.002873998e+03 +1.002873998e+03 +5.8048e-02 -2.0396e+00 +2.7036e+00
182 0 +2.581959840e+00 +1.002581960e+03 +1.002581960e+03 +5.7737e-02 -2.0345e+00 +2.7205e+00
185 0 +2.244049508e+00 +1.002244050e+03 +1.002244050e+03 +5.7963e-02 -2.0327e+00 +2.7263e+00
186 0 +1.642985080e+00 +1.001642985e+03 +1.001642985e+03 +5.7845e-02 -2.0263e+00 +2.7464e+00
188 0 +6.573739700e-01 +1.000657374e+03 +1.000657374e+03 +5.7251e-02 -2.0174e+00 +2.7745e+00
190 0 +4.734405560e-01 +1.000473441e+03 +1.000473441e+03 +5.7679e-02 -2.0151e+00 +2.7807e+00
198 0 +4.490518572e-01 +1.000449052e+03 +1.000449052e+03 +5.7313e-02 -2.0126e+00 +2.7902e+00
202 0 +4.271632581e-01 +1.000427163e+03 +1.000427163e+03 +5.7468e-02 -2.0158e+00 +2.7797e+00
204 0 +3.899892951e-01 +1.000389989e+03 +1.000389989e+03 +5.7429e-02 -2.0153e+00 +2.7810e+00
205 0 +3.259061883e-01 +1.000325906e+03 +1.000325906e+03 +5.7128e-02 -2.0139e+00 +2.7865e+00
210 0 +3.093102853e-01 +1.000309310e+03 +1.000309310e+03 +5.7125e-02 -2.0144e+00 +2.7850e+00
216 0 +2.425904116e-01 +1.000242590e+03 +1.000242590e+03 +5.7181e-02 -2.0153e+00 +2.7818e+00
233 0 +2.387382884e-01 +1.000238738e+03 +1.000238738e+03 +5.7181e-02 -2.0153e+00 +2.7821e+00
238 0 +2.202558673e-01 +1.000220256e+03 +1.000220256e+03 +5.7179e-02 -2.0155e+00 +2.7816e+00
249 0 +2.166508489e-01 +1.000216651e+03 +1.000216651e+03 +5.7183e-02 -2.0154e+00 +2.7818e+00
263 0 +2.128045373e-01 +1.000212805e+03 +1.000212805e+03 +5.7185e-02 -2.0154e+00 +2.7817e+00
% f evaluations | g evaluations | best noise-free fitness - Fopt (-1.869500000000e+02) + sum g_i+ | measured fitness | best measured fitness or single-digit g-values | x1 | x2...
1 0 +3.063117627e+01 -1.563188237e+02 -1.563188237e+02 +0.0000e+00 +0.0000e+00 +0.0000e+00
2 0 +3.034211012e+01 -1.566078899e+02 -1.566078899e+02 +2.5000e-04 +0.0000e+00 +0.0000e+00
6 0 +2.998616454e+01 -1.569638355e+02 -1.569638355e+02 +2.5000e-04 +2.5000e-04 +2.5000e-04
8 0 +2.949032347e+01 -1.574596765e+02 -1.574596765e+02 +5.0000e-04 +5.0000e-04 -2.5000e-04
11 0 +2.881685732e+01 -1.581331427e+02 -1.581331427e+02 +9.1667e-04 +6.6667e-04 +0.0000e+00
14 0 +2.789427527e+01 -1.590557247e+02 -1.590557247e+02 +2.0556e-03 +9.4444e-04 -2.7778e-05
15 0 +2.651331443e+01 -1.604366856e+02 -1.604366856e+02 +2.8333e-03 +1.1667e-03 +8.3333e-05
16 0 +2.583655853e+01 -1.611134415e+02 -1.611134415e+02 +2.7778e-03 +1.8056e-03 -2.2222e-04
17 0 +2.326740573e+01 -1.636825943e+02 -1.636825943e+02 +3.6667e-03 +2.5833e-03 -3.3333e-04
19 0 +2.073307413e+01 -1.662169259e+02 -1.662169259e+02 +5.4722e-03 +3.0000e-03 +7.2280e-20
20 0 +1.603562153e+01 -1.709143785e+02 -1.709143785e+02 +7.5833e-03 +4.0000e-03 +1.0842e-19
21 0 +1.562284296e+01 -1.713271570e+02 -1.713271570e+02 +7.0556e-03 +4.7222e-03 -1.3889e-04
37 0 +1.540110699e+01 -1.715488930e+02 -1.715488930e+02 +7.3906e-03 +4.6504e-03 -1.4408e-04
45 0 +1.498845157e+01 -1.719615484e+02 -1.719615484e+02 +7.3398e-03 +4.7864e-03 -6.7413e-05
64 0 +1.478861294e+01 -1.721613871e+02 -1.721613871e+02 +7.4341e-03 +4.7102e-03 +1.5605e-05
138 0 +4.851097867e+00 -1.820989021e+02 -1.820989021e+02 +1.9299e-01 +2.0862e+00 +3.0433e-01
151 0 +4.458629823e+00 -1.824913702e+02 -1.824913702e+02 +1.9651e-01 +2.0938e+00 +3.0734e-01
153 0 +4.353622758e+00 -1.825963772e+02 -1.825963772e+02 +1.9093e-01 +2.0922e+00 +3.0996e-01
155 0 +3.263872355e+00 -1.836861276e+02 -1.836861276e+02 +1.9271e-01 +2.0908e+00 +3.0453e-01
156 0 +3.067744338e+00 -1.838822557e+02 -1.838822557e+02 +1.9378e-01 +2.0984e+00 +3.1022e-01
157 0 +2.590190026e+00 -1.843598100e+02 -1.843598100e+02 +1.9417e-01 +2.1044e+00 +3.1317e-01
166 0 +2.070133685e+00 -1.848798663e+02 -1.848798663e+02 +1.9541e-01 +2.1061e+00 +3.1565e-01
168 0 +1.866918395e+00 -1.850830816e+02 -1.850830816e+02 +1.9413e-01 +2.1096e+00 +3.1681e-01
173 0 +1.786607652e+00 -1.851633923e+02 -1.851633923e+02 +1.9485e-01 +2.1093e+00 +3.1681e-01
177 0 +1.772034930e+00 -1.851779651e+02 -1.851779651e+02 +1.9495e-01 +2.1093e+00 +3.1724e-01
179 0 +1.564304541e+00 -1.853856955e+02 -1.853856955e+02 +1.9502e-01 +2.1078e+00 +3.1630e-01
180 0 +1.486003014e+00 -1.854639970e+02 -1.854639970e+02 +1.9575e-01 +2.1080e+00 +3.1675e-01
188 0 +1.403945712e+00 -1.855460543e+02 -1.855460543e+02 +1.9538e-01 +2.1081e+00 +3.1679e-01
196 0 +1.314374149e+00 -1.856356259e+02 -1.856356259e+02 +1.9515e-01 +2.1080e+00 +3.1672e-01
224 0 +1.286071110e+00 -1.856639289e+02 -1.856639289e+02 +1.9530e-01 +2.1079e+00 +3.1681e-01
504 0 +1.256933369e+00 -1.856930666e+02 -1.856930666e+02 +3.1306e+00 -4.0359e+00 -1.1331e-01
512 0 +1.217990377e+00 -1.857320096e+02 -1.857320096e+02 +3.1305e+00 -4.0360e+00 -1.1332e-01
521 0 +1.193117590e+00 -1.857568824e+02 -1.857568824e+02 +3.1305e+00 -4.0360e+00 -1.1332e-01
654 0 +1.129211964e+00 -1.858207880e+02 -1.858207880e+02 +1.9082e+00 -2.5001e+00 -4.1398e+00
660 0 +1.023569289e+00 -1.859264307e+02 -1.859264307e+02 +1.9075e+00 -2.5003e+00 -4.1399e+00
661 0 +1.006479157e+00 -1.859435208e+02 -1.859435208e+02 +1.9081e+00 -2.5006e+00 -4.1395e+00
674 0 +9.744147802e-01 -1.859755852e+02 -1.859755852e+02 +1.9083e+00 -2.5006e+00 -4.1394e+00
959 0 +9.501226911e-01 -1.859998773e+02 -1.859998773e+02 -5.2716e-01 +4.0289e+00 -2.7383e+00
972 0 +9.326862170e-01 -1.860173138e+02 -1.860173138e+02 -5.2720e-01 +4.0289e+00 -2.7384e+00
% f evaluations | g evaluations | best noise-free fitness - Fopt (5.859500000000e+02) + sum g_i+ | measured fitness | best measured fitness or single-digit g-values | x1 | x2...
1 0 +1.357088189e+01 +5.995208819e+02 +5.995208819e+02 +0.0000e+00 +0.0000e+00 +0.0000e+00
4 0 +1.346554665e+01 +5.994155466e+02 +5.994155466e+02 +0.0000e+00 +0.0000e+00 +2.5000e-04
7 0 +1.299112737e+01 +5.989411274e+02 +5.989411274e+02 -3.3333e-04 -8.3333e-05 +3.3333e-04
8 0 +1.282116483e+01 +5.987711648e+02 +5.987711648e+02 -5.0000e-04 -2.5000e-04 +5.0000e-04
10 0 +1.253085871e+01 +5.984808587e+02 +5.984808587e+02 -1.1111e-03 +0.0000e+00 +6.9444e-04
11 0 +1.216670878e+01 +5.981167088e+02 +5.981167088e+02 -1.6667e-03 +0.0000e+00 +9.1667e-04
12 0 +1.183822783e+01 +5.977882278e+02 +5.977882278e+02 -1.3889e-03 -4.1667e-04 +1.1389e-03
13 0 +1.083985013e+01 +5.967898501e+02 +5.967898501e+02 -1.8333e-03 -7.5000e-04 +1.5833e-03
15 0 +9.722678209e+00 +5.956726782e+02 +5.956726782e+02 -3.1667e-03 -6.9444e-04 +2.0556e-03
16 0 +8.966081161e+00 +5.949160812e+02 +5.949160812e+02 -4.5000e-03 -9.1667e-04 +2.8333e-03
18 0 +8.072476042e+00 +5.940224760e+02 +5.940224760e+02 -4.8148e-03 -1.4815e-03 +3.5556e-03
19 0 +6.416465831e+00 +5.923664658e+02 +5.923664658e+02 -6.2222e-03 -1.8889e-03 +4.6667e-03
20 0 +5.860752738e+00 +5.918107527e+02 +5.918107527e+02 -7.9074e-03 -2.1574e-03 +5.3611e-03
28 0 +5.671403454e+00 +5.916214035e+02 +5.916214035e+02 -6.9825e-03 -1.8760e-03 +4.9414e-03
32 0 +5.583972109e+00 +5.915339721e+02 +5.915339721e+02 -7.1898e-03 -1.8165e-03 +4.9181e-03
36 0 +5.409739846e+00 +5.913597398e+02 +5.913597398e+02 -7.5729e-03 -1.8629e-03 +5.1703e-03
40 0 +5.363823455e+00 +5.913138235e+02 +5.913138235e+02 -7.3324e-03 -1.8660e-03 +5.0259e-03
52 0 +5.233302033e+00 +5.911833020e+02 +5.911833020e+02 -7.3941e-03 -1.8883e-03 +5.0842e-03
140 0 +5.049195516e+00 +5.909991955e+02 +5.909991955e+02 +3.8409e-02 +8.9237e-01 -2.3923e+00
147 0 +4.352748920e+00 +5.903027489e+02 +5.903027489e+02 +3.8387e-02 +8.9445e-01 -2.3888e+00
152 0 +3.768555633e+00 +5.897185556e+02 +5.897185556e+02 +3.8401e-02 +8.9309e-01 -2.3904e+00
162 0 +3.550037005e+00 +5.895000370e+02 +5.895000370e+02 +3.8401e-02 +8.9305e-01 -2.3900e+00
163 0 +3.491364828e+00 +5.894413648e+02 +5.894413648e+02 +3.8423e-02 +8.9201e-01 -2.3902e+00
170 0 +3.457029902e+00 +5.894070299e+02 +5.894070299e+02 +3.8432e-02 +8.9192e-01 -2.3905e+00
173 0 +3.378770196e+00 +5.893287702e+02 +5.893287702e+02 +3.8413e-02 +8.9267e-01 -2.3902e+00
191 0 +3.266032146e+00 +5.892160321e+02 +5.892160321e+02 +3.8419e-02 +8.9230e-01 -2.3903e+00
307 0 +3.179478128e+00 +5.891294781e+02 +5.891294781e+02 +1.2565e+00 +4.0438e-01 -1.5734e+00
315 0 +3.149259349e+00 +5.890992593e+02 +5.890992593e+02 +1.2569e+00 +4.0416e-01 -1.5732e+00
320 0 +3.065188709e+00 +5.890151887e+02 +5.890151887e+02 +1.2572e+00 +4.0379e-01 -1.5730e+00
350 0 +3.019910051e+00 +5.889699101e+02 +5.889699101e+02 +1.2570e+00 +4.0388e-01 -1.5731e+00
585 0 +2.654785517e+00 +5.886047855e+02 +5.886047855e+02 +3.0302e+00 -1.8700e+00 +2.2104e-01
589 0 +1.895851776e+00 +5.878458518e+02 +5.878458518e+02 +3.0293e+00 -1.8672e+00 +2.2069e-01
602 0 +1.846790722e+00 +5.877967907e+02 +5.877967907e+02 +3.0272e+00 -1.8671e+00 +2.2080e-01
605 0 +1.619792795e+00 +5.875697928e+02 +5.875697928e+02 +3.0268e+00 -1.8661e+00 +2.2049e-01
610 0 +1.566649062e+00 +5.875166491e+02 +5.875166491e+02 +3.0267e+00 -1.8665e+00 +2.2068e-01
617 0 +1.473061341e+00 +5.874230613e+02 +5.874230613e+02 +3.0272e+00 -1.8664e+00 +2.2059e-01
619 0 +1.403860998e+00 +5.873538610e+02 +5.873538610e+02 +3.0269e+00 -1.8665e+00 +2.2056e-01
628 0 +1.335133549e+00 +5.872851335e+02 +5.872851335e+02 +3.0272e+00 -1.8666e+00 +2.2058e-01
629 0 +1.316414755e+00 +5.872664148e+02 +5.872664148e+02 +3.0274e+00 -1.8667e+00 +2.2055e-01
685 0 +1.288189666e+00 +5.872381897e+02 +5.872381897e+02 +3.0273e+00 -1.8667e+00 +2.2056e-01
742 0 +9.909831452e-01 +5.869409831e+02 +5.869409831e+02 +1.3351e+00 -2.0102e+00 -4.9853e-01
747 0 +7.452320656e-01 +5.866952321e+02 +5.866952321e+02 +1.3327e+00 -2.0101e+00 -4.9687e-01
750 0 +6.842183787e-01 +5.866342184e+02 +5.866342184e+02 +1.3333e+00 -2.0104e+00 -4.9696e-01
757 0 +5.726965268e-01 +5.865226965e+02 +5.865226965e+02 +1.3337e+00 -2.0100e+00 -4.9716e-01
759 0 +5.526666165e-01 +5.865026666e+02 +5.865026666e+02 +1.3332e+00 -2.0102e+00 -4.9708e-01
765 0 +5.400172335e-01 +5.864900172e+02 +5.864900172e+02 +1.3333e+00 -2.0101e+00 -4.9696e-01
767 0 +5.036455991e-01 +5.864536456e+02 +5.864536456e+02 +1.3335e+00 -2.0101e+00 -4.9710e-01
768 0 +4.639968463e-01 +5.864139968e+02 +5.864139968e+02 +1.3332e+00 -2.0100e+00 -4.9701e-01
777 0 +4.513466891e-01 +5.864013467e+02 +5.864013467e+02 +1.3334e+00 -2.0100e+00 -4.9701e-01
779 0 +4.272382910e-01 +5.863772383e+02 +5.863772383e+02 +1.3333e+00 -2.0100e+00 -4.9701e-01
788 0 +4.238608275e-01 +5.863738608e+02 +5.863738608e+02 +1.3334e+00 -2.0100e+00 -4.9701e-01
809 0 +4.166375617e-01 +5.863666376e+02 +5.863666376e+02 +1.3333e+00 -2.0100e+00 -4.9701e-01
884 0 +1.323150248e-01 +5.860823150e+02 +5.860823150e+02 +3.0169e+00 -1.3878e+00 -1.7274e+00
897 0 +1.238383461e-01 +5.860738383e+02 +5.860738383e+02 +3.0165e+00 -1.3874e+00 -1.7272e+00
900 0 +7.293324621e-02 +5.860229332e+02 +5.860229332e+02 +3.0156e+00 -1.3871e+00 -1.7276e+00
904 0 +5.634341682e-02 +5.860063434e+02 +5.860063434e+02 +3.0165e+00 -1.3875e+00 -1.7275e+00
906 0 +5.526313318e-02 +5.860052631e+02 +5.860052631e+02 +3.0163e+00 -1.3873e+00 -1.7274e+00
908 0 +3.535821214e-02 +5.859853582e+02 +5.859853582e+02 +3.0160e+00 -1.3872e+00 -1.7276e+00
910 0 +3.259219849e-02 +5.859825922e+02 +5.859825922e+02 +3.0162e+00 -1.3873e+00 -1.7276e+00
912 0 +2.529559571e-02 +5.859752956e+02 +5.859752956e+02 +3.0163e+00 -1.3874e+00 -1.7275e+00
914 0 +2.192921454e-02 +5.859719292e+02 +5.859719292e+02 +3.0162e+00 -1.3873e+00 -1.7275e+00
916 0 +1.891107686e-02 +5.859689111e+02 +5.859689111e+02 +3.0161e+00 -1.3873e+00 -1.7275e+00
918 0 +1.769781920e-02 +5.859676978e+02 +5.859676978e+02 +3.0162e+00 -1.3873e+00 -1.7276e+00
920 0 +1.339041215e-02 +5.859633904e+02 +5.859633904e+02 +3.0163e+00 -1.3873e+00 -1.7275e+00
922 0 +1.051725696e-02 +5.859605173e+02 +5.859605173e+02 +3.0162e+00 -1.3873e+00 -1.7275e+00
926 0 +8.679174560e-03 +5.859586792e+02 +5.859586792e+02 +3.0163e+00 -1.3874e+00 -1.7275e+00
928 0 +6.959512125e-03 +5.859569595e+02 +5.859569595e+02 +3.0163e+00 -1.3873e+00 -1.7275e+00
930 0 +6.561915007e-03 +5.859565619e+02 +5.859565619e+02 +3.0162e+00 -1.3873e+00 -1.7275e+00
932 0 +3.807556848e-03 +5.859538076e+02 +5.859538076e+02 +3.0162e+00 -1.3873e+00 -1.7275e+00
942 0 +3.335537531e-03 +5.859533355e+02 +5.859533355e+02 +3.0163e+00 -1.3873e+00 -1.7275e+00
948 0 +2.727265304e-03 +5.859527273e+02 +5.859527273e+02 +3.0163e+00 -1.3873e+00 -1.7275e+00
949 0 +2.375996351e-03 +5.859523760e+02 +5.859523760e+02 +3.0163e+00 -1.3873e+00 -1.7275e+00
953 0 +1.496008391e-03 +5.859514960e+02 +5.859514960e+02 +3.0163e+00 -1.3873e+00 -1.7275e+00
960 0 +1.184138859e-03 +5.859511841e+02 +5.859511841e+02 +3.0163e+00 -1.3873e+00 -1.7275e+00
962 0 +8.197463792e-04 +5.859508197e+02 +5.859508197e+02 +3.0163e+00 -1.3873e+00 -1.7275e+00
964 0 +7.787192121e-04 +5.859507787e+02 +5.859507787e+02 +3.0163e+00 -1.3873e+00 -1.7275e+00
966 0 +5.711945405e-04 +5.859505712e+02 +5.859505712e+02 +3.0163e+00 -1.3873e+00 -1.7275e+00
971 0 +5.052440301e-04 +5.859505052e+02 +5.859505052e+02 +3.0163e+00 -1.3873e+00 -1.7275e+00
974 0 +3.711466634e-04 +5.859503711e+02 +5.859503711e+02 +3.0163e+00 -1.3873e+00 -1.7275e+00
977 0 +1.718823088e-04 +5.859501719e+02 +5.859501719e+02 +3.0163e+00 -1.3873e+00 -1.7275e+00
985 0 +1.441733810e-04 +5.859501442e+02 +5.859501442e+02 +3.0163e+00 -1.3873e+00 -1.7275e+00
% f evaluations | g evaluations | best noise-free fitness - Fopt (2.871600000000e+02) + sum g_i+ | measured fitness | best measured fitness or single-digit g-values | x1 | x2...
1 0 +3.573828768e+01 +3.228982877e+02 +3.228982877e+02 +0.0000e+00 +0.0000e+00 +0.0000e+00
2 0 +3.562768054e+01 +3.227876805e+02 +3.227876805e+02 +2.5000e-04 +0.0000e+00 +0.0000e+00
5 0 +3.523341334e+01 +3.223934133e+02 +3.223934133e+02 +1.6667e-04 -2.5000e-04 +1.6667e-04
6 0 +3.425002135e+01 +3.214100214e+02 +3.214100214e+02 +2.5000e-04 -5.0000e-04 +2.5000e-04
8 0 +3.364255492e+01 +3.208025549e+02 +3.208025549e+02 +5.5556e-04 -5.5556e-04 +1.3889e-04
9 0 +3.284318002e+01 +3.200031800e+02 +3.200031800e+02 +8.3333e-04 -8.3333e-04 +8.3333e-05
10 0 +3.222899662e+01 +3.193889966e+02 +3.193889966e+02 +6.9444e-04 -1.1111e-03 +4.4444e-04
11 0 +2.953285840e+01 +3.166928584e+02 +3.166928584e+02 +9.1667e-04 -1.6667e-03 +6.6667e-04
12 0 +2.909175031e+01 +3.162517503e+02 +3.162517503e+02 +1.0000e-03 -1.6667e-03 +3.3333e-04
20 0 +2.838559514e+01 +3.155455951e+02 +3.155455951e+02 +1.0694e-03 -1.8580e-03 +5.9105e-04
24 0 +2.807862610e+01 +3.152386261e+02 +3.152386261e+02 +1.1061e-03 -1.8469e-03 +4.4955e-04
163 0 +1.940900187e+01 +3.065690019e+02 +3.065690019e+02 +5.8162e-01 +1.0538e-01 +1.3047e+00
165 0 +1.140424258e+01 +2.985642426e+02 +2.985642426e+02 +6.0101e-01 +1.0371e-01 +1.2395e+00
166 0 +8.662502745e+00 +2.958225027e+02 +2.958225027e+02 +6.1070e-01 +1.0538e-01 +1.1742e+00
182 0 +6.326415977e+00 +2.934864160e+02 +2.934864160e+02 +6.1353e-01 +1.0643e-01 +1.1606e+00
183 0 +5.415047121e+00 +2.925750471e+02 +2.925750471e+02 +6.1555e-01 +1.0538e-01 +1.1688e+00
190 0 +4.351196387e+00 +2.915111964e+02 +2.915111964e+02 +6.1360e-01 +1.0599e-01 +1.1692e+00
201 0 +3.881149507e+00 +2.910411495e+02 +2.910411495e+02 +6.1236e-01 +1.0638e-01 +1.1655e+00
209 0 +3.521176153e+00 +2.906811762e+02 +2.906811762e+02 +6.1220e-01 +1.0678e-01 +1.1634e+00
210 0 +3.285078125e+00 +2.904450781e+02 +2.904450781e+02 +6.1256e-01 +1.0690e-01 +1.1628e+00
221 0 +3.234766417e+00 +2.903947664e+02 +2.903947664e+02 +6.1261e-01 +1.0658e-01 +1.1643e+00
230 0 +3.144396956e+00 +2.903043970e+02 +2.903043970e+02 +6.1289e-01 +1.0667e-01 +1.1643e+00
335 0 +1.760448016e+00 +2.889204480e+02 +2.889204480e+02 -2.4653e+00 +1.8561e+00 -4.4334e+00
347 0 +1.588991926e+00 +2.887489919e+02 +2.887489919e+02 -2.4641e+00 +1.8555e+00 -4.4272e+00
352 0 +1.475249328e+00 +2.886352493e+02 +2.886352493e+02 -2.4623e+00 +1.8565e+00 -4.4316e+00
354 0 +1.160685069e+00 +2.883206851e+02 +2.883206851e+02 -2.4636e+00 +1.8567e+00 -4.4327e+00
357 0 +1.067935157e+00 +2.882279352e+02 +2.882279352e+02 -2.4643e+00 +1.8553e+00 -4.4283e+00
368 0 +1.028630374e+00 +2.881886304e+02 +2.881886304e+02 -2.4635e+00 +1.8565e+00 -4.4316e+00
371 0 +9.410959691e-01 +2.881010960e+02 +2.881010960e+02 -2.4640e+00 +1.8556e+00 -4.4293e+00
387 0 +9.233463153e-01 +2.880833463e+02 +2.880833463e+02 -2.4642e+00 +1.8554e+00 -4.4289e+00
388 0 +9.062491567e-01 +2.880662492e+02 +2.880662492e+02 -2.4647e+00 +1.8547e+00 -4.4272e+00
389 0 +8.867343936e-01 +2.880467344e+02 +2.880467344e+02 -2.4651e+00 +1.8542e+00 -4.4262e+00
395 0 +8.435606982e-01 +2.880035607e+02 +2.880035607e+02 -2.4662e+00 +1.8527e+00 -4.4227e+00
396 0 +7.895967823e-01 +2.879495968e+02 +2.879495968e+02 -2.4670e+00 +1.8516e+00 -4.4203e+00
398 0 +7.097642516e-01 +2.878697643e+02 +2.878697643e+02 -2.4686e+00 +1.8495e+00 -4.4154e+00
400 0 +6.884111540e-01 +2.878484112e+02 +2.878484112e+02 -2.4691e+00 +1.8489e+00 -4.4140e+00
401 0 +6.741017976e-01 +2.878341018e+02 +2.878341018e+02 -2.4705e+00 +1.8470e+00 -4.4097e+00
403 0 +6.526349192e-01 +2.878126349e+02 +2.878126349e+02 -2.4716e+00 +1.8456e+00 -4.4066e+00
404 0 +5.752262935e-01 +2.877352263e+02 +2.877352263e+02 -2.4735e+00 +1.8431e+00 -4.4008e+00
405 0 +4.138480917e-01 +2.875738481e+02 +2.875738481e+02 -2.4767e+00 +1.8389e+00 -4.3911e+00
406 0 +3.858008147e-01 +2.875458008e+02 +2.875458008e+02 -2.4772e+00 +1.8381e+00 -4.3895e+00
407 0 +1.344578960e-01 +2.872944579e+02 +2.872944579e+02 -2.4815e+00 +1.8324e+00 -4.3765e+00
408 0 +8.783919840e-02 +2.872478392e+02 +2.872478392e+02 -2.4827e+00 +1.8310e+00 -4.3731e+00
419 0 +7.828885501e-02 +2.872382889e+02 +2.872382889e+02 -2.4820e+00 +1.8318e+00 -4.3752e+00
425 0 +5.572397090e-02 +2.872157240e+02 +2.872157240e+02 -2.4825e+00 +1.8312e+00 -4.3737e+00
427 0 +4.866382900e-02 +2.872086638e+02 +2.872086638e+02 -2.4824e+00 +1.8312e+00 -4.3738e+00
438 0 +4.304820319e-02 +2.872030482e+02 +2.872030482e+02 -2.4824e+00 +1.8313e+00 -4.3739e+00
442 0 +3.766967824e-02 +2.871976697e+02 +2.871976697e+02 -2.4823e+00 +1.8314e+00 -4.3741e+00
443 0 +3.349338328e-02 +2.871934934e+02 +2.871934934e+02 -2.4824e+00 +1.8313e+00 -4.3740e+00
453 0 +3.308705389e-02 +2.871930871e+02 +2.871930871e+02 -2.4823e+00 +1.8314e+00 -4.3740e+00
461 0 +3.148615629e-02 +2.871914862e+02 +2.871914862e+02 -2.4823e+00 +1.8313e+00 -4.3740e+00
463 0 +2.972968971e-02 +2.871897297e+02 +2.871897297e+02 -2.4823e+00 +1.8313e+00 -4.3740e+00
465 0 +2.819786051e-02 +2.871881979e+02 +2.871881979e+02 -2.4823e+00 +1.8313e+00 -4.3740e+00
478 0 +2.798217932e-02 +2.871879822e+02 +2.871879822e+02 -2.4823e+00 +1.8313e+00 -4.3740e+00
% f evaluations | g evaluations | best noise-free fitness - Fopt (-3.943800000000e+02) + sum g_i+ | measured fitness | best measured fitness or single-digit g-values | x1 | x2...
1 0 +2.122502245e+01 -3.731549775e+02 -3.731549775e+02 +0.0000e+00 +0.0000e+00 +0.0000e+00
2 0 +2.076040137e+01 -3.736195986e+02 -3.736195986e+02 +2.5000e-04 +0.0000e+00 +0.0000e+00
5 0 +2.038733892e+01 -3.739926611e+02 -3.739926611e+02 +1.6667e-04 +1.6667e-04 +1.6667e-04
6 0 +1.986784601e+01 -3.745121540e+02 -3.745121540e+02 +2.5000e-04 +2.5000e-04 +2.5000e-04
9 0 +1.887581505e+01 -3.755041849e+02 -3.755041849e+02 +8.3333e-05 +1.6667e-04 +8.3333e-04
10 0 +1.826987098e+01 -3.761101290e+02 -3.761101290e+02 +4.4444e-04 +2.2222e-04 +6.9444e-04
12 0 +1.774277407e+01 -3.766372259e+02 -3.766372259e+02 +1.8519e-04 +5.0926e-04 +8.5185e-04
30 0 +1.731339839e+01 -3.770666016e+02 -3.770666016e+02 +1.8146e-04 +4.4831e-04 +1.0364e-03
127 0 +5.596615143e+00 -3.887833849e+02 -3.887833849e+02 -1.4633e+00 -9.1269e-01 -1.4571e+00
141 0 +3.235586009e+00 -3.911444140e+02 -3.911444140e+02 -1.4581e+00 -9.0027e-01 -1.4794e+00
151 0 +2.954652746e+00 -3.914253473e+02 -3.914253473e+02 -1.4611e+00 -9.0291e-01 -1.4756e+00
158 0 +2.824483169e+00 -3.915555168e+02 -3.915555168e+02 -1.4564e+00 -9.0062e-01 -1.4808e+00
160 0 +2.681857709e+00 -3.916981423e+02 -3.916981423e+02 -1.4579e+00 -9.0136e-01 -1.4798e+00
164 0 +2.507998641e+00 -3.918720014e+02 -3.918720014e+02 -1.4564e+00 -9.0089e-01 -1.4808e+00
166 0 +2.413442783e+00 -3.919665572e+02 -3.919665572e+02 -1.4572e+00 -9.0114e-01 -1.4799e+00
172 0 +2.340925775e+00 -3.920390742e+02 -3.920390742e+02 -1.4570e+00 -9.0121e-01 -1.4801e+00
184 0 +2.263654359e+00 -3.921163456e+02 -3.921163456e+02 -1.4576e+00 -9.0133e-01 -1.4796e+00
202 0 +2.230881855e+00 -3.921491181e+02 -3.921491181e+02 -1.4574e+00 -9.0121e-01 -1.4799e+00
219 0 +2.186050473e+00 -3.921939495e+02 -3.921939495e+02 -1.4572e+00 -9.0109e-01 -1.4802e+00
423 0 +1.884066350e+00 -3.924959336e+02 -3.924959336e+02 -3.1543e+00 +1.3263e+00 +2.6661e+00
426 0 +1.837296069e+00 -3.925427039e+02 -3.925427039e+02 -3.1556e+00 +1.3234e+00 +2.6834e+00
436 0 +1.137385177e+00 -3.932426148e+02 -3.932426148e+02 -3.1523e+00 +1.3275e+00 +2.6743e+00
449 0 +1.121114421e+00 -3.932588856e+02 -3.932588856e+02 -3.1539e+00 +1.3289e+00 +2.6724e+00
450 0 +8.890209830e-01 -3.934909790e+02 -3.934909790e+02 -3.1539e+00 +1.3306e+00 +2.6691e+00
454 0 +5.639531277e-01 -3.938160469e+02 -3.938160469e+02 -3.1532e+00 +1.3329e+00 +2.6664e+00
455 0 +4.939903210e-01 -3.938860097e+02 -3.938860097e+02 -3.1536e+00 +1.3355e+00 +2.6624e+00
456 0 +4.240957212e-01 -3.939559043e+02 -3.939559043e+02 -3.1540e+00 +1.3348e+00 +2.6611e+00
458 0 +4.157779107e-01 -3.939642221e+02 -3.939642221e+02 -3.1557e+00 +1.3369e+00 +2.6592e+00
463 0 +3.590556839e-01 -3.940209443e+02 -3.940209443e+02 -3.1543e+00 +1.3345e+00 +2.6629e+00
465 0 +2.283929314e-01 -3.941516071e+02 -3.941516071e+02 -3.1541e+00 +1.3355e+00 +2.6617e+00
468 0 +2.167707750e-01 -3.941632292e+02 -3.941632292e+02 -3.1552e+00 +1.3362e+00 +2.6606e+00
470 0 +1.795661328e-01 -3.942004339e+02 -3.942004339e+02 -3.1546e+00 +1.3352e+00 +2.6621e+00
472 0 +7.190337268e-02 -3.943080966e+02 -3.943080966e+02 -3.1550e+00 +1.3360e+00 +2.6615e+00
481 0 +5.601370869e-02 -3.943239863e+02 -3.943239863e+02 -3.1551e+00 +1.3358e+00 +2.6615e+00
484 0 +1.789845397e-02 -3.943621015e+02 -3.943621015e+02 -3.1549e+00 +1.3357e+00 +2.6617e+00
494 0 +1.770244037e-02 -3.943622976e+02 -3.943622976e+02 -3.1550e+00 +1.3358e+00 +2.6616e+00
496 0 +1.454552478e-02 -3.943654545e+02 -3.943654545e+02 -3.1550e+00 +1.3357e+00 +2.6617e+00
497 0 +1.194133890e-02 -3.943680587e+02 -3.943680587e+02 -3.1550e+00 +1.3358e+00 +2.6616e+00
500 0 +8.899580602e-03 -3.943711004e+02 -3.943711004e+02 -3.1550e+00 +1.3357e+00 +2.6617e+00
502 0 +8.610177429e-03 -3.943713898e+02 -3.943713898e+02 -3.1550e+00 +1.3358e+00 +2.6616e+00
504 0 +8.398619361e-03 -3.943716014e+02 -3.943716014e+02 -3.1550e+00 +1.3357e+00 +2.6616e+00
508 0 +7.566666430e-03 -3.943724333e+02 -3.943724333e+02 -3.1550e+00 +1.3358e+00 +2.6616e+00
510 0 +5.171094043e-03 -3.943748289e+02 -3.943748289e+02 -3.1550e+00 +1.3357e+00 +2.6616e+00
513 0 +4.634322933e-03 -3.943753657e+02 -3.943753657e+02 -3.1550e+00 +1.3358e+00 +2.6616e+00
515 0 +3.759661301e-03 -3.943762403e+02 -3.943762403e+02 -3.1550e+00 +1.3357e+00 +2.6616e+00
516 0 +3.516996163e-03 -3.943764830e+02 -3.943764830e+02 -3.1550e+00 +1.3357e+00 +2.6617e+00
517 0 +1.169633312e-03 -3.943788304e+02 -3.943788304e+02 -3.1550e+00 +1.3358e+00 +2.6616e+00
534 0 +1.087270049e-03 -3.943789127e+02 -3.943789127e+02 -3.1550e+00 +1.3357e+00 +2.6617e+00
539 0 +9.652265043e-04 -3.943790348e+02 -3.943790348e+02 -3.1550e+00 +1.3358e+00 +2.6616e+00
540 0 +6.975068397e-04 -3.943793025e+02 -3.943793025e+02 -3.1550e+00 +1.3357e+00 +2.6616e+00
543 0 +5.543293807e-04 -3.943794457e+02 -3.943794457e+02 -3.1550e+00 +1.3357e+00 +2.6616e+00
545 0 +7.972720653e-05 -3.943799203e+02 -3.943799203e+02 -3.1550e+00 +1.3357e+00 +2.6617e+00
% f evaluations | g evaluations | best noise-free fitness - Fopt (5.443000000000e+01) + sum g_i+ | measured fitness | best measured fitness or single-digit g-values | x1 | x2...
1 0 +1.107096658e+01 +6.550096658e+01 +6.550096658e+01 +0.0000e+00 +0.0000e+00 +0.0000e+00
2 0 +1.106957053e+01 +6.549957053e+01 +6.549957053e+01 +2.5000e-04 +0.0000e+00 +0.0000e+00
4 0 +1.094831491e+01 +6.537831491e+01 +6.537831491e+01 +0.0000e+00 +0.0000e+00 +2.5000e-04
6 0 +1.065856917e+01 +6.508856917e+01 +6.508856917e+01 +2.5000e-04 -5.0000e-04 +2.5000e-04
11 0 +1.043997385e+01 +6.486997385e+01 +6.486997385e+01 +5.0000e-04 -8.3333e-04 +4.1667e-04
14 0 +1.021020630e+01 +6.464020630e+01 +6.464020630e+01 +8.1481e-04 -1.4815e-03 +3.7037e-04
17 0 +9.844455922e+00 +6.427445592e+01 +6.427445592e+01 +1.7870e-03 -2.7037e-03 +6.7593e-04
20 0 +9.488524789e+00 +6.391852479e+01 +6.391852479e+01 +2.6142e-03 -4.3364e-03 +7.7160e-04
21 0 +9.066025189e+00 +6.349602519e+01 +6.349602519e+01 +3.1276e-03 -4.9794e-03 +1.0782e-03
22 0 +8.282364761e+00 +6.271236476e+01 +6.271236476e+01 +4.2840e-03 -6.7284e-03 +1.4321e-03
24 0 +7.093330266e+00 +6.152333027e+01 +6.152333027e+01 +5.6605e-03 -8.4660e-03 +1.4290e-03
37 0 +6.945173861e+00 +6.137517386e+01 +6.137517386e+01 +5.6619e-03 -8.7204e-03 +1.5190e-03
50 0 +6.890550831e+00 +6.132055083e+01 +6.132055083e+01 +5.5823e-03 -8.5879e-03 +1.4977e-03
164 0 +5.457598731e+00 +5.988759873e+01 +5.988759873e+01 -3.8276e-01 -8.2137e-01 -1.6063e+00
170 0 +4.771102618e+00 +5.920110262e+01 +5.920110262e+01 -3.8396e-01 -8.2076e-01 -1.6078e+00
176 0 +4.531598790e+00 +5.896159879e+01 +5.896159879e+01 -3.8339e-01 -8.2039e-01 -1.6095e+00
179 0 +4.113471851e+00 +5.854347185e+01 +5.854347185e+01 -3.8393e-01 -8.2136e-01 -1.6088e+00
182 0 +3.807021374e+00 +5.823702137e+01 +5.823702137e+01 -3.8397e-01 -8.2011e-01 -1.6095e+00
184 0 +3.583835202e+00 +5.801383520e+01 +5.801383520e+01 -3.8386e-01 -8.2069e-01 -1.6085e+00
188 0 +3.361942157e+00 +5.779194216e+01 +5.779194216e+01 -3.8388e-01 -8.2090e-01 -1.6090e+00
194 0 +3.190695268e+00 +5.762069527e+01 +5.762069527e+01 -3.8385e-01 -8.2067e-01 -1.6088e+00
200 0 +3.129033265e+00 +5.755903327e+01 +5.755903327e+01 -3.8386e-01 -8.2077e-01 -1.6090e+00
204 0 +3.053918429e+00 +5.748391843e+01 +5.748391843e+01 -3.8385e-01 -8.2068e-01 -1.6089e+00
216 0 +3.010017170e+00 +5.744001717e+01 +5.744001717e+01 -3.8385e-01 -8.2069e-01 -1.6089e+00
456 0 +2.870910536e+00 +5.730091054e+01 +5.730091054e+01 +2.2370e+00 -2.9738e+00 -6.7278e-01
457 0 +2.732951651e+00 +5.716295165e+01 +5.716295165e+01 +2.2365e+00 -2.9727e+00 -6.7258e-01
461 0 +2.567770931e+00 +5.699777093e+01 +5.699777093e+01 +2.2357e+00 -2.9709e+00 -6.7224e-01
462 0 +2.475758746e+00 +5.690575875e+01 +5.690575875e+01 +2.2347e+00 -2.9688e+00 -6.7183e-01
465 0 +2.319893285e+00 +5.674989328e+01 +5.674989328e+01 +2.2328e+00 -2.9648e+00 -6.7105e-01
466 0 +1.965786159e+00 +5.639578616e+01 +5.639578616e+01 +2.2309e+00 -2.9608e+00 -6.7028e-01
468 0 +1.843133841e+00 +5.627313384e+01 +5.627313384e+01 +2.2305e+00 -2.9598e+00 -6.7012e-01
469 0 +1.502668145e+00 +5.593266815e+01 +5.593266815e+01 +2.2287e+00 -2.9559e+00 -6.6938e-01
470 0 +1.136768091e+00 +5.556676809e+01 +5.556676809e+01 +2.2261e+00 -2.9503e+00 -6.6826e-01
476 0 +1.109986452e+00 +5.553998645e+01 +5.553998645e+01 +2.2271e+00 -2.9524e+00 -6.6871e-01
480 0 +1.086665042e+00 +5.551666504e+01 +5.551666504e+01 +2.2262e+00 -2.9505e+00 -6.6834e-01
486 0 +1.029371595e+00 +5.545937160e+01 +5.545937160e+01 +2.2268e+00 -2.9517e+00 -6.6858e-01
488 0 +1.005429061e+00 +5.543542906e+01 +5.543542906e+01 +2.2264e+00 -2.9510e+00 -6.6843e-01
490 0 +9.882377794e-01 +5.541823778e+01 +5.541823778e+01 +2.2264e+00 -2.9510e+00 -6.6844e-01
496 0 +9.613585295e-01 +5.539135853e+01 +5.539135853e+01 +2.2265e+00 -2.9511e+00 -6.6847e-01
510 0 +9.470720748e-01 +5.537707207e+01 +5.537707207e+01 +2.2265e+00 -2.9512e+00 -6.6848e-01
543 0 +9.312917320e-01 +5.536129173e+01 +5.536129173e+01 +2.2265e+00 -2.9512e+00 -6.6848e-01
% f evaluations | g evaluations | best noise-free fitness - Fopt (1.396900000000e+02) + sum g_i+ | measured fitness | best measured fitness or single-digit g-values | x1 | x2...
1 0 +3.773127736e+01 +1.774212774e+02 +1.774212774e+02 +0.0000e+00 +0.0000e+00 +0.0000e+00
2 0 +3.747350103e+01 +1.771635010e+02 +1.771635010e+02 +2.5000e-04 +0.0000e+00 +0.0000e+00
7 0 +3.709272059e+01 +1.767827206e+02 +1.767827206e+02 +4.1667e-04 +4.1667e-04 -3.3333e-04
30 0 +3.627946805e+01 +1.759694681e+02 +1.759694681e+02 +8.0049e-04 +1.3783e-03 -1.4981e-03
115 0 +2.169765812e+01 +1.613876581e+02 +1.613876581e+02 -3.2596e+00 +7.7240e-01 +4.3701e+00
121 0 +1.955248320e+01 +1.592424832e+02 +1.592424832e+02 -3.2596e+00 +7.9171e-01 +4.3701e+00
122 0 +8.183440180e+00 +1.478734402e+02 +1.478734402e+02 -3.3411e+00 +7.7240e-01 +4.3701e+00
127 0 +7.892034596e+00 +1.475820346e+02 +1.475820346e+02 -3.2800e+00 +7.8366e-01 +4.3974e+00
131 0 +7.476176276e+00 +1.471661763e+02 +1.471661763e+02 -3.2902e+00 +7.8286e-01 +4.4111e+00
142 0 +5.332688186e+00 +1.450226882e+02 +1.450226882e+02 -3.2856e+00 +7.8184e-01 +4.4072e+00
146 0 +4.522032391e+00 +1.442120324e+02 +1.442120324e+02 -3.2840e+00 +7.8294e-01 +4.4024e+00
156 0 +3.589915369e+00 +1.432799154e+02 +1.432799154e+02 -3.2833e+00 +7.8284e-01 +4.3996e+00
167 0 +3.415163724e+00 +1.431051637e+02 +1.431051637e+02 -3.2827e+00 +7.8299e-01 +4.3975e+00
169 0 +3.358540136e+00 +1.430485401e+02 +1.430485401e+02 -3.2829e+00 +7.8310e-01 +4.3982e+00
173 0 +3.306822017e+00 +1.429968220e+02 +1.429968220e+02 -3.2816e+00 +7.8353e-01 +4.3941e+00
174 0 +3.062085796e+00 +1.427520858e+02 +1.427520858e+02 -3.2820e+00 +7.8351e-01 +4.3958e+00
175 0 +2.857168888e+00 +1.425471689e+02 +1.425471689e+02 -3.2816e+00 +7.8378e-01 +4.3949e+00
179 0 +2.759301453e+00 +1.424493015e+02 +1.424493015e+02 -3.2807e+00 +7.8440e-01 +4.3920e+00
180 0 +2.537231344e+00 +1.422272313e+02 +1.422272313e+02 -3.2803e+00 +7.8484e-01 +4.3909e+00
181 0 +2.302563566e+00 +1.419925636e+02 +1.419925636e+02 -3.2799e+00 +7.8481e-01 +4.3902e+00
201 0 +2.289428342e+00 +1.419794283e+02 +1.419794283e+02 -3.2799e+00 +7.8487e-01 +4.3902e+00
211 0 +2.225716655e+00 +1.419157167e+02 +1.419157167e+02 -3.2798e+00 +7.8458e-01 +4.3899e+00
225 0 +2.183012121e+00 +1.418730121e+02 +1.418730121e+02 -3.2797e+00 +7.8452e-01 +4.3898e+00
311 0 +1.272215543e+00 +1.409622155e+02 +1.409622155e+02 -1.4356e-01 +1.4756e+00 +2.7440e+00
317 0 +9.236835632e-01 +1.406136836e+02 +1.406136836e+02 -1.4363e-01 +1.4760e+00 +2.7356e+00
319 0 +5.399793072e-01 +1.402299793e+02 +1.402299793e+02 -1.4492e-01 +1.4758e+00 +2.7400e+00
328 0 +4.292835262e-01 +1.401192835e+02 +1.401192835e+02 -1.4441e-01 +1.4752e+00 +2.7390e+00
337 0 +3.910083189e-01 +1.400810083e+02 +1.400810083e+02 -1.4496e-01 +1.4753e+00 +2.7403e+00
347 0 +3.616058416e-01 +1.400516058e+02 +1.400516058e+02 -1.4526e-01 +1.4751e+00 +2.7412e+00
348 0 +3.280262242e-01 +1.400180262e+02 +1.400180262e+02 -1.4568e-01 +1.4751e+00 +2.7423e+00
353 0 +2.950645022e-01 +1.399850645e+02 +1.399850645e+02 -1.4628e-01 +1.4750e+00 +2.7438e+00
354 0 +2.642261202e-01 +1.399542261e+02 +1.399542261e+02 -1.4694e-01 +1.4748e+00 +2.7456e+00
356 0 +2.519484751e-01 +1.399419485e+02 +1.399419485e+02 -1.4719e-01 +1.4747e+00 +2.7464e+00
357 0 +1.988747721e-01 +1.398888748e+02 +1.398888748e+02 -1.4802e-01 +1.4745e+00 +2.7486e+00
358 0 +1.441438969e-01 +1.398341439e+02 +1.398341439e+02 -1.4859e-01 +1.4742e+00 +2.7501e+00
360 0 +5.188250136e-02 +1.397418825e+02 +1.397418825e+02 -1.4926e-01 +1.4743e+00 +2.7518e+00
371 0 +3.933472002e-02 +1.397293347e+02 +1.397293347e+02 -1.4918e-01 +1.4745e+00 +2.7515e+00
373 0 +2.795242402e-02 +1.397179524e+02 +1.397179524e+02 -1.4950e-01 +1.4744e+00 +2.7524e+00
377 0 +2.272582596e-02 +1.397127258e+02 +1.397127258e+02 -1.4945e-01 +1.4745e+00 +2.7522e+00
379 0 +2.176323727e-02 +1.397117632e+02 +1.397117632e+02 -1.4933e-01 +1.4745e+00 +2.7519e+00
381 0 +1.487270805e-02 +1.397048727e+02 +1.397048727e+02 -1.4945e-01 +1.4745e+00 +2.7522e+00
383 0 +9.287620254e-03 +1.396992876e+02 +1.396992876e+02 -1.4946e-01 +1.4744e+00 +2.7522e+00
391 0 +8.981802794e-03 +1.396989818e+02 +1.396989818e+02 -1.4943e-01 +1.4744e+00 +2.7522e+00
394 0 +6.296519964e-03 +1.396962965e+02 +1.396962965e+02 -1.4943e-01 +1.4744e+00 +2.7521e+00
396 0 +5.796871224e-03 +1.396957969e+02 +1.396957969e+02 -1.4943e-01 +1.4744e+00 +2.7521e+00
402 0 +5.505962477e-03 +1.396955060e+02 +1.396955060e+02 -1.4943e-01 +1.4744e+00 +2.7522e+00
403 0 +4.256008035e-03 +1.396942560e+02 +1.396942560e+02 -1.4944e-01 +1.4744e+00 +2.7522e+00
407 0 +4.084534886e-03 +1.396940845e+02 +1.396940845e+02 -1.4944e-01 +1.4744e+00 +2.7522e+00
409 0 +2.625361319e-03 +1.396926254e+02 +1.396926254e+02 -1.4944e-01 +1.4744e+00 +2.7522e+00
419 0 +2.073938317e-03 +1.396920739e+02 +1.396920739e+02 -1.4945e-01 +1.4744e+00 +2.7522e+00
420 0 +1.464044838e-03 +1.396914640e+02 +1.396914640e+02 -1.4945e-01 +1.4744e+00 +2.7522e+00
425 0 +1.340492088e-03 +1.396913405e+02 +1.396913405e+02 -1.4945e-01 +1.4744e+00 +2.7522e+00
426 0 +1.201412364e-03 +1.396912014e+02 +1.396912014e+02 -1.4945e-01 +1.4744e+00 +2.7522e+00
430 0 +7.627555543e-04 +1.396907628e+02 +1.396907628e+02 -1.4945e-01 +1.4744e+00 +2.7522e+00
433 0 +7.374869118e-04 +1.396907375e+02 +1.396907375e+02 -1.4945e-01 +1.4744e+00 +2.7522e+00
436 0 +7.007501240e-04 +1.396907008e+02 +1.396907008e+02 -1.4945e-01 +1.4744e+00 +2.7522e+00
437 0 +5.266220325e-04 +1.396905266e+02 +1.396905266e+02 -1.4945e-01 +1.4744e+00 +2.7522e+00
% f evaluations | g evaluations | best noise-free fitness - Fopt (-5.794000000000e+01) + sum g_i+ | measured fitness | best measured fitness or single-digit g-values | x1 | x2...
1 0 +3.297391708e+01 -2.496608292e+01 -2.496608292e+01 +0.0000e+00 +0.0000e+00 +0.0000e+00
2 0 +3.279011705e+01 -2.514988295e+01 -2.514988295e+01 +2.5000e-04 +0.0000e+00 +0.0000e+00
10 0 +3.228864014e+01 -2.565135986e+01 -2.565135986e+01 +6.4815e-04 -4.6296e-04 -1.3889e-04
117 0 +2.020447065e+01 -3.773552935e+01 -3.773552935e+01 +1.7103e+00 -1.2904e-01 -9.2355e-01
118 0 +1.901289256e+01 -3.892710744e+01 -3.892710744e+01 +1.7958e+00 -1.2904e-01 -9.2355e-01
126 0 +1.705444397e+01 -4.088555603e+01 -4.088555603e+01 +1.7816e+00 -1.3119e-01 -9.0046e-01
130 0 +7.788566220e+00 -5.015143378e+01 -5.015143378e+01 +1.8125e+00 -1.3030e-01 -9.0431e-01
136 0 +5.038985831e+00 -5.290101417e+01 -5.290101417e+01 +1.8184e+00 -1.3021e-01 -9.1393e-01
148 0 +4.585601139e+00 -5.335439886e+01 -5.335439886e+01 +1.8166e+00 -1.3080e-01 -9.0728e-01
150 0 +4.532538320e+00 -5.340746168e+01 -5.340746168e+01 +1.8152e+00 -1.3066e-01 -9.0823e-01
152 0 +4.145696380e+00 -5.379430362e+01 -5.379430362e+01 +1.8156e+00 -1.3053e-01 -9.0819e-01
154 0 +3.531155282e+00 -5.440884472e+01 -5.440884472e+01 +1.8171e+00 -1.3043e-01 -9.1091e-01
156 0 +3.141061885e+00 -5.479893812e+01 -5.479893812e+01 +1.8169e+00 -1.3017e-01 -9.1180e-01
165 0 +2.975956179e+00 -5.496404382e+01 -5.496404382e+01 +1.8165e+00 -1.3009e-01 -9.1254e-01
168 0 +2.816487741e+00 -5.512351226e+01 -5.512351226e+01 +1.8167e+00 -1.3017e-01 -9.1209e-01
170 0 +2.737848358e+00 -5.520215164e+01 -5.520215164e+01 +1.8167e+00 -1.3016e-01 -9.1254e-01
196 0 +2.689144959e+00 -5.525085504e+01 -5.525085504e+01 +1.8167e+00 -1.3020e-01 -9.1275e-01
197 0 +2.616355846e+00 -5.532364415e+01 -5.532364415e+01 +1.8168e+00 -1.3016e-01 -9.1314e-01
307 0 +2.556313595e+00 -5.538368640e+01 -5.538368640e+01 +5.3498e-01 -6.9401e-01 +3.6638e+00
314 0 +2.408864163e+00 -5.553113584e+01 -5.553113584e+01 +5.3498e-01 -6.9401e-01 +3.6633e+00
315 0 +2.349419095e+00 -5.559058090e+01 -5.559058090e+01 +5.3501e-01 -6.9286e-01 +3.6635e+00
325 0 +2.271535026e+00 -5.566846497e+01 -5.566846497e+01 +5.3502e-01 -6.9301e-01 +3.6634e+00
337 0 +2.216621644e+00 -5.572337836e+01 -5.572337836e+01 +5.3508e-01 -6.9232e-01 +3.6633e+00
355 0 +2.185776960e+00 -5.575422304e+01 -5.575422304e+01 +5.3507e-01 -6.9249e-01 +3.6633e+00
633 0 +2.082864698e+00 -5.585713530e+01 -5.585713530e+01 +1.8238e+00 +5.2467e-01 +1.0863e+00
634 0 +7.913007710e-01 -5.714869923e+01 -5.714869923e+01 +1.8212e+00 +5.2497e-01 +1.0896e+00
635 0 +7.549333377e-01 -5.718506666e+01 -5.718506666e+01 +1.8227e+00 +5.2405e-01 +1.0906e+00
637 0 +4.882494782e-01 -5.745175052e+01 -5.745175052e+01 +1.8205e+00 +5.2247e-01 +1.0933e+00
648 0 +4.227074654e-01 -5.751729253e+01 -5.751729253e+01 +1.8207e+00 +5.2379e-01 +1.0923e+00
649 0 +3.374119447e-01 -5.760258806e+01 -5.760258806e+01 +1.8207e+00 +5.2247e-01 +1.0938e+00
660 0 +3.307748972e-01 -5.760922510e+01 -5.760922510e+01 +1.8206e+00 +5.2289e-01 +1.0935e+00
661 0 +2.806374998e-01 -5.765936250e+01 -5.765936250e+01 +1.8206e+00 +5.2242e-01 +1.0942e+00
663 0 +2.655044874e-01 -5.767449551e+01 -5.767449551e+01 +1.8205e+00 +5.2162e-01 +1.0946e+00
672 0 +2.546230801e-01 -5.768537692e+01 -5.768537692e+01 +1.8205e+00 +5.2186e-01 +1.0946e+00
674 0 +2.362950079e-01 -5.770370499e+01 -5.770370499e+01 +1.8204e+00 +5.2133e-01 +1.0948e+00
683 0 +2.333155653e-01 -5.770668443e+01 -5.770668443e+01 +1.8204e+00 +5.2155e-01 +1.0947e+00
684 0 +2.270037333e-01 -5.771299627e+01 -5.771299627e+01 +1.8204e+00 +5.2142e-01 +1.0948e+00
693 0 +2.233602352e-01 -5.771663976e+01 -5.771663976e+01 +1.8204e+00 +5.2153e-01 +1.0948e+00
695 0 +2.108569725e-01 -5.772914303e+01 -5.772914303e+01 +1.8204e+00 +5.2138e-01 +1.0948e+00
744 0 +2.089066962e-01 -5.773109330e+01 -5.773109330e+01 +1.8204e+00 +5.2141e-01 +1.0948e+00
958 0 +2.034495903e-01 -5.773655041e+01 -5.773655041e+01 -1.3831e+00 +2.8782e+00 -1.3172e+00
960 0 +1.879175347e-01 -5.775208247e+01 -5.775208247e+01 -1.3831e+00 +2.8760e+00 -1.3171e+00
962 0 +1.636448564e-01 -5.777635514e+01 -5.777635514e+01 -1.3832e+00 +2.8754e+00 -1.3170e+00
964 0 +7.448062972e-02 -5.786551937e+01 -5.786551937e+01 -1.3834e+00 +2.8726e+00 -1.3162e+00
970 0 +6.567118519e-02 -5.787432881e+01 -5.787432881e+01 -1.3834e+00 +2.8740e+00 -1.3163e+00
978 0 +5.953290264e-02 -5.788046710e+01 -5.788046710e+01 -1.3835e+00 +2.8730e+00 -1.3161e+00
979 0 +5.838370580e-02 -5.788161629e+01 -5.788161629e+01 -1.3834e+00 +2.8730e+00 -1.3163e+00
982 0 +3.682610240e-02 -5.790317390e+01 -5.790317390e+01 -1.3835e+00 +2.8726e+00 -1.3162e+00
991 0 +2.486541131e-02 -5.791513459e+01 -5.791513459e+01 -1.3835e+00 +2.8729e+00 -1.3162e+00
992 0 +1.804874603e-02 -5.792195125e+01 -5.792195125e+01 -1.3835e+00 +2.8729e+00 -1.3161e+00
1002 0 +1.080678020e-02 -5.792919322e+01 -5.792919322e+01 -1.3835e+00 +2.8728e+00 -1.3161e+00
1009 0 +6.134150435e-03 -5.793386585e+01 -5.793386585e+01 -1.3835e+00 +2.8729e+00 -1.3162e+00
1015 0 +5.945379886e-03 -5.793405462e+01 -5.793405462e+01 -1.3835e+00 +2.8728e+00 -1.3162e+00
1018 0 +4.022275793e-03 -5.793597772e+01 -5.793597772e+01 -1.3835e+00 +2.8729e+00 -1.3162e+00
1021 0 +2.916559220e-03 -5.793708344e+01 -5.793708344e+01 -1.3835e+00 +2.8729e+00 -1.3162e+00
1027 0 +2.659616943e-03 -5.793734038e+01 -5.793734038e+01 -1.3835e+00 +2.8729e+00 -1.3162e+00
1030 0 +1.402644954e-03 -5.793859736e+01 -5.793859736e+01 -1.3835e+00 +2.8729e+00 -1.3162e+00
1032 0 +8.631662188e-04 -5.793913683e+01 -5.793913683e+01 -1.3835e+00 +2.8729e+00 -1.3162e+00
1038 0 +7.252679616e-04 -5.793927473e+01 -5.793927473e+01 -1.3835e+00 +2.8729e+00 -1.3162e+00
1040 0 +6.730650644e-04 -5.793932693e+01 -5.793932693e+01 -1.3835e+00 +2.8729e+00 -1.3162e+00
1042 0 +4.593019932e-04 -5.793954070e+01 -5.793954070e+01 -1.3835e+00 +2.8729e+00 -1.3162e+00
1044 0 +2.273543981e-04 -5.793977265e+01 -5.793977265e+01 -1.3835e+00 +2.8729e+00 -1.3162e+00
% f evaluations | g evaluations | best noise-free fitness - Fopt (1.253900000000e+02) + sum g_i+ | measured fitness | best measured fitness or single-digit g-values | x1 | x2...
1 0 +1.694790389e+01 +1.423379039e+02 +1.423379039e+02 +0.0000e+00 +0.0000e+00 +0.0000e+00
3 0 +1.677347824e+01 +1.421634782e+02 +1.421634782e+02 +0.0000e+00 +2.5000e-04 +0.0000e+00
9 0 +1.657222110e+01 +1.419622211e+02 +1.419622211e+02 -5.0000e-04 +8.3333e-04 -1.6667e-04
11 0 +1.608459154e+01 +1.414745915e+02 +1.414745915e+02 -2.5000e-04 +1.1667e-03 -8.3333e-04
13 0 +1.555521922e+01 +1.409452192e+02 +1.409452192e+02 -1.0000e-03 +1.9167e-03 -1.3333e-03
14 0 +1.543215014e+01 +1.408221501e+02 +1.408221501e+02 -9.1667e-04 +2.1944e-03 -1.2222e-03
15 0 +1.417830719e+01 +1.395683072e+02 +1.395683072e+02 -1.2500e-03 +3.0833e-03 -1.6667e-03
17 0 +1.291149681e+01 +1.383014968e+02 +1.383014968e+02 -2.0278e-03 +4.3519e-03 -2.7593e-03
18 0 +1.103187501e+01 +1.364218750e+02 +1.364218750e+02 -2.9167e-03 +5.9444e-03 -3.7222e-03
19 0 +1.091296007e+01 +1.363029601e+02 +1.363029601e+02 -2.5556e-03 +6.2870e-03 -3.8519e-03
20 0 +9.768637680e+00 +1.351586377e+02 +1.351586377e+02 -3.3333e-03 +8.4722e-03 -5.1111e-03
21 0 +8.657386407e+00 +1.340473864e+02 +1.340473864e+02 -3.8333e-03 +8.3889e-03 -4.6111e-03
29 0 +8.161750014e+00 +1.335517500e+02 +1.335517500e+02 -4.1265e-03 +8.0566e-03 -4.4774e-03
38 0 +7.924204715e+00 +1.333142047e+02 +1.333142047e+02 -4.1464e-03 +7.5763e-03 -4.1596e-03
46 0 +7.754253744e+00 +1.331442537e+02 +1.331442537e+02 -4.2213e-03 +7.3744e-03 -3.9000e-03
191 0 +4.745868930e+00 +1.301358689e+02 +1.301358689e+02 +2.4933e+00 -3.4278e-02 -3.8434e-01
193 0 +3.943556125e+00 +1.293335561e+02 +1.293335561e+02 +2.4933e+00 -3.5992e-02 -3.8434e-01
202 0 +3.622280890e+00 +1.290122809e+02 +1.290122809e+02 +2.4933e+00 -3.5564e-02 -3.8434e-01
238 0 +3.538618944e+00 +1.289286189e+02 +1.289286189e+02 +2.4928e+00 -3.5799e-02 -3.8640e-01
242 0 +3.415275629e+00 +1.288052756e+02 +1.288052756e+02 +2.4926e+00 -3.5912e-02 -3.8745e-01
243 0 +3.361633554e+00 +1.287516336e+02 +1.287516336e+02 +2.4923e+00 -3.6065e-02 -3.8871e-01
244 0 +3.290620886e+00 +1.286806209e+02 +1.286806209e+02 +2.4926e+00 -3.5974e-02 -3.8755e-01
245 0 +3.217800196e+00 +1.286078002e+02 +1.286078002e+02 +2.4925e+00 -3.6086e-02 -3.8813e-01
247 0 +3.021301574e+00 +1.284113016e+02 +1.284113016e+02 +2.4922e+00 -3.6277e-02 -3.8985e-01
248 0 +2.858687838e+00 +1.282486878e+02 +1.282486878e+02 +2.4917e+00 -3.6562e-02 -3.9199e-01
251 0 +2.498748282e+00 +1.278887483e+02 +1.278887483e+02 +2.4913e+00 -3.6842e-02 -3.9394e-01
271 0 +2.448704721e+00 +1.278387047e+02 +1.278387047e+02 +2.4913e+00 -3.6815e-02 -3.9369e-01
359 0 +1.788127103e+00 +1.271781271e+02 +1.271781271e+02 +1.3257e+00 +3.6314e-01 -7.2595e-01
366 0 +1.518028651e+00 +1.269080287e+02 +1.269080287e+02 +1.3260e+00 +3.6303e-01 -7.2583e-01
372 0 +1.227428130e+00 +1.266174281e+02 +1.266174281e+02 +1.3262e+00 +3.6301e-01 -7.2592e-01
378 0 +1.182926384e+00 +1.265729264e+02 +1.265729264e+02 +1.3263e+00 +3.6298e-01 -7.2586e-01
380 0 +1.164846740e+00 +1.265548467e+02 +1.265548467e+02 +1.3266e+00 +3.6289e-01 -7.2595e-01
382 0 +1.079839976e+00 +1.264698400e+02 +1.264698400e+02 +1.3265e+00 +3.6297e-01 -7.2579e-01
386 0 +1.035799656e+00 +1.264257997e+02 +1.264257997e+02 +1.3264e+00 +3.6296e-01 -7.2587e-01
390 0 +9.932459003e-01 +1.263832459e+02 +1.263832459e+02 +1.3264e+00 +3.6297e-01 -7.2587e-01
400 0 +9.731083237e-01 +1.263631083e+02 +1.263631083e+02 +1.3264e+00 +3.6295e-01 -7.2587e-01
420 0 +9.543712022e-01 +1.263443712e+02 +1.263443712e+02 +1.3264e+00 +3.6296e-01 -7.2587e-01
491 0 +8.523672682e-01 +1.262423673e+02 +1.262423673e+02 +1.6724e+00 -1.0477e+00 -2.2379e+00
497 0 +4.078379435e-01 +1.257978379e+02 +1.257978379e+02 +1.6714e+00 -1.0529e+00 -2.2318e+00
504 0 +3.807682496e-01 +1.257707682e+02 +1.257707682e+02 +1.6708e+00 -1.0544e+00 -2.2321e+00
507 0 +1.664361976e-01 +1.255564362e+02 +1.255564362e+02 +1.6713e+00 -1.0561e+00 -2.2268e+00
515 0 +1.585961340e-01 +1.255485961e+02 +1.255485961e+02 +1.6709e+00 -1.0556e+00 -2.2295e+00
516 0 +1.106568291e-01 +1.255006568e+02 +1.255006568e+02 +1.6714e+00 -1.0553e+00 -2.2279e+00
521 0 +8.147779758e-02 +1.254714778e+02 +1.254714778e+02 +1.6712e+00 -1.0558e+00 -2.2277e+00
530 0 +7.453419529e-02 +1.254645342e+02 +1.254645342e+02 +1.6712e+00 -1.0559e+00 -2.2279e+00
531 0 +6.766441385e-02 +1.254576644e+02 +1.254576644e+02 +1.6712e+00 -1.0559e+00 -2.2277e+00
538 0 +6.021066980e-02 +1.254502107e+02 +1.254502107e+02 +1.6713e+00 -1.0556e+00 -2.2279e+00
542 0 +5.728828605e-02 +1.254472883e+02 +1.254472883e+02 +1.6712e+00 -1.0557e+00 -2.2280e+00
544 0 +5.487692799e-02 +1.254448769e+02 +1.254448769e+02 +1.6712e+00 -1.0558e+00 -2.2279e+00
547 0 +4.661715234e-02 +1.254366172e+02 +1.254366172e+02 +1.6712e+00 -1.0558e+00 -2.2280e+00
548 0 +4.519472680e-02 +1.254351947e+02 +1.254351947e+02 +1.6711e+00 -1.0559e+00 -2.2281e+00
550 0 +2.941587260e-02 +1.254194159e+02 +1.254194159e+02 +1.6712e+00 -1.0558e+00 -2.2282e+00
551 0 +1.844835361e-02 +1.254084484e+02 +1.254084484e+02 +1.6711e+00 -1.0558e+00 -2.2283e+00
562 0 +1.430886468e-02 +1.254043089e+02 +1.254043089e+02 +1.6711e+00 -1.0559e+00 -2.2284e+00
567 0 +9.356748149e-03 +1.253993567e+02 +1.253993567e+02 +1.6711e+00 -1.0559e+00 -2.2285e+00
578 0 +7.572680577e-03 +1.253975727e+02 +1.253975727e+02 +1.6711e+00 -1.0559e+00 -2.2285e+00
581 0 +6.473301338e-03 +1.253964733e+02 +1.253964733e+02 +1.6711e+00 -1.0559e+00 -2.2285e+00
583 0 +3.915840596e-03 +1.253939158e+02 +1.253939158e+02 +1.6711e+00 -1.0559e+00 -2.2285e+00
584 0 +2.249230043e-03 +1.253922492e+02 +1.253922492e+02 +1.6711e+00 -1.0559e+00 -2.2285e+00
595 0 +1.767018692e-03 +1.253917670e+02 +1.253917670e+02 +1.6711e+00 -1.0559e+00 -2.2285e+00
597 0 +1.580669333e-03 +1.253915807e+02 +1.253915807e+02 +1.6711e+00 -1.0559e+00 -2.2285e+00
599 0 +1.376128523e-03 +1.253913761e+02 +1.253913761e+02 +1.6711e+00 -1.0559e+00 -2.2285e+00
601 0 +1.309423306e-03 +1.253913094e+02 +1.253913094e+02 +1.6711e+00 -1.0559e+00 -2.2285e+00
603 0 +1.129321600e-03 +1.253911293e+02 +1.253911293e+02 +1.6711e+00 -1.0559e+00 -2.2285e+00
605 0 +7.255534901e-04 +1.253907256e+02 +1.253907256e+02 +1.6711e+00 -1.0559e+00 -2.2285e+00
606 0 +5.678844106e-04 +1.253905679e+02 +1.253905679e+02 +1.6711e+00 -1.0559e+00 -2.2285e+00
611 0 +4.888925542e-04 +1.253904889e+02 +1.253904889e+02 +1.6711e+00 -1.0559e+00 -2.2285e+00
614 0 +2.293805618e-04 +1.253902294e+02 +1.253902294e+02 +1.6711e+00 -1.0559e+00 -2.2285e+00
622 0 +1.678117148e-04 +1.253901678e+02 +1.253901678e+02 +1.6711e+00 -1.0559e+00 -2.2285e+00
