% f evaluations | g evaluations | best noise-free fitness - Fopt (2.997000000000e+01) + sum g_i+ | measured fitness | best measured fitness or single-digit g-values | x1 | x2...
1 0 +1.636228911e+03 +1.666198911e+03 +1.666198911e+03 -2.7854e+00 -1.0887e+00 +4.4817e+00
3 0 +1.133379649e+03 +1.163349649e+03 +1.163349649e+03 -2.6866e+00 +4.1152e+00 -1.2658e-01
4 0 +3.209588978e+02 +3.509288978e+02 +3.509288978e+02 +2.8396e+00 -3.1580e+00 -3.9629e+00
9 0 +3.039712003e+02 +3.339412003e+02 +3.339412003e+02 +1.0500e+00 -5.0000e+00 -2.7166e+00
10 0 +1.078272896e+02 +1.377972896e+02 +1.377972896e+02 +1.1250e+00 -2.2667e+00 -2.5056e+00
17 0 +3.282292894e+01 +6.279292894e+01 +6.279292894e+01 +1.0518e+00 -1.6604e+00 -3.7059e+00
24 0 +2.560053680e+01 +5.557053680e+01 +5.557053680e+01 +1.0338e+00 -1.7973e+00 -3.6885e+00
29 0 +2.194738802e+01 +5.191738802e+01 +5.191738802e+01 +9.3484e-01 -1.7394e+00 -3.7698e+00
30 0 +2.168353508e+01 +5.165353508e+01 +5.165353508e+01 +9.1293e-01 -1.7167e+00 -3.7929e+00
31 0 +2.095429935e+01 +5.092429935e+01 +5.092429935e+01 +8.9114e-01 -1.6956e+00 -3.8112e+00
% f evaluations | g evaluations | best noise-free fitness - Fopt (-5.171000000000e+01) + sum g_i+ | measured fitness | best measured fitness or single-digit g-values | x1 | x2...
1 0 +1.355356585e+03 +1.303646585e+03 +1.303646585e+03 +2.4039e+00 -2.9968e+00 +2.3062e+00
2 0 +1.074122353e+03 +1.022412353e+03 +1.022412353e+03 +4.4214e+00 -1.8030e+00 +2.5906e+00
4 0 +4.382299046e+02 +3.865199046e+02 +3.865199046e+02 +7.7440e-01 +3.3833e+00 -1.2280e+00
8 0 +2.714590547e+02 +2.197490547e+02 +2.197490547e+02 +1.2901e+00 +2.5468e+00 -2.2590e+00
9 0 +1.623511003e+02 +1.106411003e+02 +1.106411003e+02 +9.5115e-01 +3.7565e+00 -4.2305e+00
18 0 +1.365832463e+02 +8.487324631e+01 +8.487324631e+01 +4.0436e+00 +2.1942e+00 -3.5742e+00
22 0 +1.313373139e+02 +7.962731386e+01 +7.962731386e+01 +3.4678e+00 +2.4024e+00 -2.5124e+00
23 0 +8.716006049e+01 +3.545006049e+01 +3.545006049e+01 +2.7600e+00 +2.9333e+00 -3.6590e+00
25 0 +3.396701072e+01 -1.774298928e+01 -1.774298928e+01 +3.2317e+00 +2.9304e+00 -3.4814e+00
26 0 +2.587345518e+01 -2.583654482e+01 -2.583654482e+01 +3.2456e+00 +2.9390e+00 -3.4228e+00
31 0 +1.979941101e+01 -3.191058899e+01 -3.191058899e+01 +3.2256e+00 +2.8885e+00 -3.2314e+00
% f evaluations | g evaluations | best noise-free fitness - Fopt (-2.799500000000e+02) + sum g_i+ | measured fitness | best measured fitness or single-digit g-values | x1 | x2...
1 0 +1.962624577e+03 +1.682674577e+03 +1.682674577e+03 +3.7220e+00 +2.4358e+00 +3.5116e+00
4 0 +1.463561646e+03 +1.183611646e+03 +1.183611646e+03 +7.8729e-01 -3.8816e-01 +1.0192e+00
5 0 +8.758664769e+02 +5.959164769e+02 +5.959164769e+02 +3.3958e+00 -1.8490e+00 +4.5235e+00
6 0 +6.128464645e+02 +3.328964645e+02 +3.328964645e+02 -5.0000e+00 -5.0000e+00 +5.0000e+00
11 0 +2.604551405e+02 -1.949485949e+01 -1.949485949e+01 -2.1282e+00 -3.2192e+00 +5.0000e+00
15 0 +1.280983295e+02 -1.518516705e+02 -1.518516705e+02 -3.9283e+00 -2.5625e+00 +5.0000e+00
16 0 +5.252299392e+01 -2.274270061e+02 -2.274270061e+02 -5.0000e+00 -2.4649e+00 +5.0000e+00
24 0 +4.268507195e+01 -2.372649281e+02 -2.372649281e+02 -5.0000e+00 -2.5993e+00 +5.0000e+00
% f evaluations | g evaluations | best noise-free fitness - Fopt (9.319900000000e+02) + sum g_i+ | measured fitness | best measured fitness or single-digit g-values | x1 | x2...
1 0 +9.401532231e+02 +1.872143223e+03 +1.872143223e+03 +6.7447e-01 +4.9334e+00 -2.6661e+00
4 0 +9.561363803e+01 +1.027603638e+03 +1.027603638e+03 +1.1190e+00 +4.5470e-01 +4.0067e+00
16 0 +5.620504276e+01 +9.881950428e+02 +9.881950428e+02 +9.7349e-01 +4.9918e-01 +2.7252e+00
20 0 +3.048765330e+01 +9.624776533e+02 +9.624776533e+02 +1.4092e+00 +1.0227e+00 +3.1997e+00
23 0 +2.397549367e+01 +9.559654937e+02 +9.559654937e+02 +1.2371e+00 +8.3073e-01 +3.1373e+00
24 0 +2.203449801e+01 +9.540244980e+02 +9.540244980e+02 +1.2484e+00 +8.2661e-01 +3.1347e+00
26 0 +1.787762939e+01 +9.498676294e+02 +9.498676294e+02 +1.3152e+00 +7.9748e-01 +3.1314e+00
% f evaluations | g evaluations | best noise-free fitness - Fopt (1.133100000000e+02) + sum g_i+ | measured fitness | best measured fitness or single-digit g-values | x1 | x2...
1 0 +2.012210431e+03 +2.125520431e+03 +2.125520431e+03 -4.9100e+00 +4.3894e+00 -4.0671e+00
2 0 +7.320524444e+02 +8.453624444e+02 +8.453624444e+02 +3.4245e+00 -2.1658e+00 -1.5146e+00
3 0 +3.329292403e+02 +4.462392403e+02 +4.462392403e+02 +4.0732e+00 +9.8157e-01 -4.9238e-01
11 0 +2.699027821e+02 +3.832127821e+02 +3.832127821e+02 +2.2470e+00 +2.4996e+00 -1.2716e+00
12 0 +5.501030978e+01 +1.683203098e+02 +1.683203098e+02 +1.8609e+00 +2.4897e+00 +1.1892e+00
17 0 +3.002709662e+01 +1.433370966e+02 +1.433370966e+02 +2.2093e+00 +2.3532e+00 +1.4125e+00
% f evaluations | g evaluations | best noise-free fitness - Fopt (2.849000000000e+01) + sum g_i+ | measured fitness | best measured fitness or single-digit g-values | x1 | x2...
1 0 +6.590845403e+02 +6.875745403e+02 +6.875745403e+02 -6.5225e-01 +4.6438e+00 +2.2020e+00
4 0 +6.162497566e+02 +6.447397566e+02 +6.447397566e+02 +1.8432e+00 -4.1999e+00 +1.6792e+00
6 0 +4.043666487e+02 +4.328566487e+02 +4.328566487e+02 +2.5955e+00 -2.7377e+00 +1.4194e+00
8 0 +3.453516267e+02 +3.738416267e+02 +3.738416267e+02 +3.2296e+00 -2.9118e+00 -5.9041e-02
11 0 +2.451772170e+02 +2.736672170e+02 +2.736672170e+02 +1.8253e+00 -1.5854e+00 -1.3313e-01
13 0 +1.803265189e+02 +2.088165189e+02 +2.088165189e+02 -3.6686e-01 -1.5798e+00 +8.1993e-01
18 0 +8.947089455e+01 +1.179608946e+02 +1.179608946e+02 -1.7576e+00 -1.7261e+00 -1.8906e-01
25 0 +6.271633428e+01 +9.120633428e+01 +9.120633428e+01 -1.6863e+00 -1.8052e+00 -8.5648e-02
26 0 +5.609261132e+01 +8.458261132e+01 +8.458261132e+01 -1.6706e+00 -1.8402e+00 -5.8838e-02
32 0 +4.876032065e+01 +7.725032065e+01 +7.725032065e+01 -1.6713e+00 -1.9107e+00 -4.4189e-02
% f evaluations | g evaluations | best noise-free fitness - Fopt (-7.405800000000e+02) + sum g_i+ | measured fitness | best measured fitness or single-digit g-values | x1 | x2...
1 0 +7.196904485e+02 -2.088955149e+01 -2.088955149e+01 +3.5722e-01 -8.9956e-01 -1.1282e+00
2 0 +7.152190991e+02 -2.536090088e+01 -2.536090088e+01 +3.4825e+00 +3.2692e+00 -4.1585e+00
5 0 +6.357231896e+02 -1.048568104e+02 -1.048568104e+02 -4.4597e+00 -4.1230e+00 -4.7622e-01
6 0 +5.327581461e+02 -2.078218539e+02 -2.078218539e+02 -2.7274e+00 -2.9837e+00 -3.4325e+00
11 0 +1.325296334e+02 -6.080503666e+02 -6.080503666e+02 -3.4773e+00 -1.0854e+00 -1.2981e+00
17 0 +3.024235794e+01 -7.103376421e+02 -7.103376421e+02 -2.2405e+00 -1.4591e-01 -2.3456e+00
21 0 +1.845230253e+01 -7.221276975e+02 -7.221276975e+02 -2.3798e+00 -2.8017e-01 -1.9918e+00
% f evaluations | g evaluations | best noise-free fitness - Fopt (-5.177000000000e+01) + sum g_i+ | measured fitness | best measured fitness or single-digit g-values | x1 | x2...
1 0 +1.395221703e+03 +1.343451703e+03 +1.343451703e+03 +1.5482e+00 +1.3846e+00 -1.8560e+00
3 0 +7.323289474e+02 +6.805589474e+02 +6.805589474e+02 -2.3611e+00 -3.3841e+00 +4.8845e+00
8 0 +6.941735429e+02 +6.424035429e+02 +6.424035429e+02 -5.0000e+00 -8.2055e-01 +5.0000e+00
9 0 +4.710228957e+02 +4.192528957e+02 +4.192528957e+02 -1.2301e+00 -6.0538e-01 +5.0000e+00
10 0 +3.336532848e+02 +2.818832848e+02 +2.818832848e+02 +2.6135e+00 +7.5069e-01 +5.0000e+00
12 0 +2.276408364e+02 +1.758708364e+02 +1.758708364e+02 +5.0000e+00 -1.1787e-02 +5.0000e+00
16 0 +1.897993843e+02 +1.380293843e+02 +1.380293843e+02 +4.7465e+00 +3.2246e-01 +5.0000e+00
17 0 +1.843650787e+02 +1.325950787e+02 +1.325950787e+02 +5.0000e+00 +2.6372e-01 +5.0000e+00
24 0 +1.651812970e+02 +1.134112970e+02 +1.134112970e+02 -5.0000e+00 +1.1997e+00 +1.4214e+00
29 0 +1.362895886e+02 +8.451958860e+01 +8.451958860e+01 -2.4853e-01 +1.8688e+00 +2.2474e+00
30 0 +8.186063002e+01 +3.009063002e+01 +3.009063002e+01 -7.9674e-01 +1.2499e+00 +2.5952e+00
32 0 +3.620839339e+01 -1.556160661e+01 -1.556160661e+01 -1.2233e+00 +1.6781e+00 +2.6144e+00
% f evaluations | g evaluations | best noise-free fitness - Fopt (-2.229800000000e+02) + sum g_i+ | measured fitness | best measured fitness or single-digit g-values | x1 | x2...
1 0 +4.949867425e+02 +2.720067425e+02 +2.720067425e+02 -1.2952e+00 +7.4340e-01 +4.1988e+00
4 0 +4.941880648e+02 +2.712080648e+02 +2.712080648e+02 +1.1230e+00 +1.9107e+00 +1.4138e+00
8 0 +4.533334944e+02 +2.303534944e+02 +2.303534944e+02 +3.6057e+00 +1.9255e+00 -2.6639e+00
10 0 +7.738366202e+01 -1.455963380e+02 -1.455963380e+02 +5.0000e+00 -5.1021e-01 -5.0000e+00
21 0 +6.330518056e+01 -1.596748194e+02 -1.596748194e+02 +5.0000e+00 -3.1220e-01 -5.0000e+00
29 0 +4.925538178e+01 -1.737246182e+02 -1.737246182e+02 +4.5650e+00 -3.5389e-01 -4.4142e+00
33 0 +4.192489822e+01 -1.810551018e+02 -1.810551018e+02 +3.7185e+00 -8.1977e-02 -3.5139e+00
34 0 +3.923472882e+01 -1.837452712e+02 -1.837452712e+02 +3.6686e+00 -5.8583e-02 -3.4462e+00
35 0 +3.623131473e+01 -1.867486853e+02 -1.867486853e+02 +3.6414e+00 -4.1100e-02 -3.4020e+00
% f evaluations | g evaluations | best noise-free fitness - Fopt (5.860000000000e+00) + sum g_i+ | measured fitness | best measured fitness or single-digit g-values | x1 | x2...
1 0 +6.667741458e+02 +6.726341458e+02 +6.726341458e+02 +3.2134e+00 +1.7130e+00 +5.3076e-01
3 0 +5.002862269e+02 +5.061462269e+02 +5.061462269e+02 +3.6244e+00 -1.4499e+00 -2.2530e+00
5 0 +2.028017292e+02 +2.086617292e+02 +2.086617292e+02 -3.2937e-01 +6.6725e-01 -1.8037e+00
6 0 +1.873336105e+02 +1.931936105e+02 +1.931936105e+02 -2.1897e-01 +6.8079e-01 -1.6042e+00
8 0 +1.127331871e+02 +1.185931871e+02 +1.185931871e+02 -8.0650e-01 +1.2116e+00 -9.8566e-01
13 0 +9.965104998e+01 +1.055110500e+02 +1.055110500e+02 -1.5154e+00 +1.1324e+00 -2.4588e-01
24 0 +7.313134009e+01 +7.899134009e+01 +7.899134009e+01 -3.4634e+00 +2.0973e+00 -1.3122e+00
30 0 +6.020319282e+01 +6.606319282e+01 +6.606319282e+01 -2.5538e+00 +1.8405e+00 -9.1772e-01
31 0 +1.898986423e+01 +2.484986423e+01 +2.484986423e+01 -3.0559e+00 +1.7384e+00 -8.9730e-01
% f evaluations | g evaluations | best noise-free fitness - Fopt (2.048600000000e+02) + sum g_i+ | measured fitness | best measured fitness or single-digit g-values | x1 | x2...
1 0 +8.959610265e+02 +1.100821026e+03 +1.100821026e+03 +5.0207e-01 -3.8921e+00 +4.4971e+00
2 0 +5.964120978e+02 +8.012720978e+02 +8.012720978e+02 -3.8965e+00 +4.4560e+00 +1.3025e+00
6 0 +3.420326423e+02 +5.468926423e+02 +5.468926423e+02 -4.5502e+00 +3.3399e+00 +3.7447e+00
10 0 +2.249270936e+02 +4.297870936e+02 +4.297870936e+02 -3.1405e+00 +1.4845e+00 +5.0000e+00
17 0 +1.430458536e+02 +3.479058536e+02 +3.479058536e+02 -3.0805e+00 +2.5294e+00 +5.0000e+00
19 0 +1.158716805e+02 +3.207316805e+02 +3.207316805e+02 -2.8058e+00 +1.9147e+00 +3.4410e+00
25 0 +8.922373282e+01 +2.940837328e+02 +2.940837328e+02 -2.6028e+00 +1.2618e+00 +2.2844e+00
26 0 +6.930310749e+01 +2.741631075e+02 +2.741631075e+02 -2.3627e+00 +9.2044e-01 +2.6289e+00
31 0 +3.023582128e+01 +2.350958213e+02 +2.350958213e+02 -2.5417e+00 +7.7167e-01 +2.1633e+00
% f evaluations | g evaluations | best noise-free fitness - Fopt (1.154900000000e+02) + sum g_i+ | measured fitness | best measured fitness or single-digit g-values | x1 | x2...
1 0 +1.498783893e+03 +1.614273893e+03 +1.614273893e+03 -4.4961e-01 -3.2087e+00 -4.7398e+00
2 0 +1.472509422e+03 +1.587999422e+03 +1.587999422e+03 +2.6896e+00 -2.7653e+00 -3.1919e+00
4 0 +1.887997373e+02 +3.042897373e+02 +3.042897373e+02 -9.4566e-01 -2.7207e+00 +2.0802e+00
16 0 +1.470828702e+02 +2.625728702e+02 +2.625728702e+02 +1.4214e+00 -2.6558e+00 +3.5682e+00
20 0 +2.409322286e+01 +1.395832229e+02 +1.395832229e+02 -1.5013e+00 -1.9127e+00 +3.1747e+00
21 0 +2.010950234e+01 +1.355995023e+02 +1.355995023e+02 -1.7390e+00 -1.8595e+00 +3.1768e+00
28 0 +1.747932242e+01 +1.329693224e+02 +1.329693224e+02 -1.8679e+00 -1.8059e+00 +3.0555e+00
29 0 +8.100489257e+00 +1.235904893e+02 +1.235904893e+02 -2.0085e+00 -1.7931e+00 +3.0727e+00
% f evaluations | g evaluations | best noise-free fitness - Fopt (1.950500000000e+02) + sum g_i+ | measured fitness | best measured fitness or single-digit g-values | x1 | x2...
1 0 +4.484630544e+02 +6.435130544e+02 +6.435130544e+02 -2.7553e+00 -3.1271e+00 -1.4415e-01
5 0 +2.539100050e+02 +4.489600050e+02 +4.489600050e+02 -3.8778e+00 -1.1744e+00 +1.9928e-01
17 0 +5.734037989e+01 +2.523903799e+02 +2.523903799e+02 -2.2263e+00 -7.7971e-01 -2.0397e-01
% f evaluations | g evaluations | best noise-free fitness - Fopt (-2.144800000000e+02) + sum g_i+ | measured fitness | best measured fitness or single-digit g-values | x1 | x2...
1 0 +1.637139779e+03 +1.422659779e+03 +1.422659779e+03 -3.7877e+00 -3.8074e+00 +1.6400e+00
3 0 +5.163303770e+02 +3.018503770e+02 +3.018503770e+02 -2.6154e+00 -7.4053e-01 -2.3617e+00
6 0 +3.220784788e+02 +1.075984788e+02 +1.075984788e+02 -3.2762e+00 +3.6506e-01 -3.1357e+00
7 0 +2.680191695e+02 +5.353916955e+01 +5.353916955e+01 -2.9804e+00 +3.0798e+00 -1.6995e+00
10 0 +2.155039920e+02 +1.023992024e+00 +1.023992024e+00 -1.0049e+00 +5.0000e+00 +1.8967e+00
14 0 +1.819452075e+02 -3.253479254e+01 -3.253479254e+01 -1.7391e+00 +2.6190e+00 +1.1595e+00
19 0 +1.588623154e+02 -5.561768458e+01 -5.561768458e+01 -1.5776e+00 +3.5113e+00 +2.8990e-01
20 0 +1.243361242e+02 -9.014387580e+01 -9.014387580e+01 -2.2648e+00 +2.1155e+00 -4.6195e-01
21 0 +7.241557361e+01 -1.420644264e+02 -1.420644264e+02 -2.6121e+00 +2.8309e+00 +1.0924e-01
24 0 +5.794013851e+01 -1.565398615e+02 -1.565398615e+02 -2.5704e+00 +2.7087e+00 -4.1051e-02
27 0 +2.810824828e+01 -1.863717517e+02 -1.863717517e+02 -2.4579e+00 +2.8187e+00 -2.2513e-02
28 0 +2.401428449e+01 -1.904657155e+02 -1.904657155e+02 -2.4519e+00 +2.8229e+00 -3.9279e-02
29 0 +1.158861223e+01 -2.028913878e+02 -2.028913878e+02 -2.4235e+00 +2.8630e+00 -5.9685e-02
% f evaluations | g evaluations | best noise-free fitness - Fopt (-4.590000000000e+01) + sum g_i+ | measured fitness | best measured fitness or single-digit g-values | x1 | x2...
1 0 +1.268681044e+03 +1.222781044e+03 +1.222781044e+03 +4.8037e+00 +3.4080e+00 +4.8474e+00
2 0 +6.568612420e+02 +6.109612420e+02 +6.109612420e+02 -5.3112e-01 -3.1914e+00 -3.3266e+00
3 0 +5.556896907e+02 +5.097896907e+02 +5.097896907e+02 +2.9749e-01 -3.5149e+00 +2.2763e+00
12 0 +9.127940194e+01 +4.537940194e+01 +4.537940194e+01 -1.8488e+00 -1.9350e+00 -9.1614e-03
17 0 +5.346582975e+01 +7.565829747e+00 +7.565829747e+00 -9.9163e-01 -1.9531e+00 +3.1815e-01
33 0 +2.343919168e+01 -2.246080832e+01 -2.246080832e+01 -8.9905e-01 -1.5743e+00 +3.0690e-01
