% f evaluations | g evaluations | best noise-free fitness - Fopt (4.078000000000e+01) + sum g_i+ | measured fitness | best measured fitness or single-digit g-values | x1 | x2...
1 0 +2.342962888e+01 +6.420962888e+01 +6.420962888e+01 +0.0000e+00 +0.0000e+00 +0.0000e+00
3 0 +2.342440953e+01 +6.420440953e+01 +6.420440953e+01 +0.0000e+00 +2.5000e-04 +0.0000e+00
22 0 +2.279013158e+01 +6.357013158e+01 +6.357013158e+01 +2.9167e-03 +8.2500e-03 -1.5833e-02
25 0 +2.235968742e+01 +6.313968742e+01 +6.313968742e+01 +4.6944e-03 +1.5222e-02 -2.7222e-02
28 0 +2.152487475e+01 +6.230487475e+01 +6.230487475e+01 +9.0000e-03 +2.9583e-02 -5.5000e-02
29 0 +2.134227795e+01 +6.212227795e+01 +6.212227795e+01 +9.8056e-03 +3.4472e-02 -6.1611e-02
30 0 +2.086770428e+01 +6.164770428e+01 +6.164770428e+01 +1.3250e-02 +4.7583e-02 -8.4500e-02
32 0 +2.041649958e+01 +6.119649958e+01 +6.119649958e+01 +2.1833e-02 +7.1167e-02 -1.3017e-01
81 0 +1.985442503e+01 +6.063442503e+01 +6.063442503e+01 +9.4467e-02 +5.6524e-02 -1.6534e-01
84 0 +1.943405955e+01 +6.021405955e+01 +6.021405955e+01 +1.5388e-01 +4.8700e-02 -2.0289e-01
87 0 +1.885079659e+01 +5.963079659e+01 +5.963079659e+01 +2.7065e-01 +3.0215e-02 -2.6690e-01
90 0 +1.845198057e+01 +5.923198057e+01 +5.923198057e+01 +3.5091e-01 +3.7877e-02 -3.4580e-01
165 0 +1.819265739e+01 +5.897265739e+01 +5.897265739e+01 +4.5846e-01 +5.5392e-02 -4.0334e-01
185 0 +1.772307564e+01 +5.850307564e+01 +5.850307564e+01 +5.7233e-01 +2.1652e-01 -3.5738e-01
191 0 +1.726726333e+01 +5.804726333e+01 +5.804726333e+01 +6.4783e-01 +4.6832e-01 -2.5570e-01
194 0 +1.698106342e+01 +5.776106342e+01 +5.776106342e+01 +6.1831e-01 +5.4574e-01 -2.1596e-01
198 0 +1.645062959e+01 +5.723062959e+01 +5.723062959e+01 +7.3757e-01 +1.0125e+00 -1.3437e-02
200 0 +1.603474957e+01 +5.681474957e+01 +5.681474957e+01 +7.9660e-01 +1.4521e+00 +1.6619e-01
201 0 +1.566278417e+01 +5.644278417e+01 +5.644278417e+01 +7.1475e-01 +1.4015e+00 +1.7540e-01
202 0 +1.524422838e+01 +5.602422838e+01 +5.602422838e+01 +7.0878e-01 +1.7545e+00 +3.5153e-01
207 0 +1.484652484e+01 +5.562652484e+01 +5.562652484e+01 +6.4803e-01 +2.2651e+00 +6.2974e-01
212 0 +1.458710754e+01 +5.536710754e+01 +5.536710754e+01 +5.6108e-01 +2.4154e+00 +7.5317e-01
213 0 +1.285794168e+01 +5.363794168e+01 +5.363794168e+01 +4.8723e-01 +2.7458e+00 +9.5399e-01
216 0 +1.197997592e+01 +5.275997592e+01 +5.275997592e+01 +5.0317e-01 +3.1751e+00 +1.1438e+00
220 0 +1.150121805e+01 +5.228121805e+01 +5.228121805e+01 +5.4240e-01 +3.0654e+00 +1.0846e+00
230 0 +1.144707344e+01 +5.222707344e+01 +5.222707344e+01 +5.0999e-01 +3.1131e+00 +1.1212e+00
233 0 +1.119366728e+01 +5.197366728e+01 +5.197366728e+01 +4.8881e-01 +2.9043e+00 +1.0329e+00
239 0 +1.095344964e+01 +5.173344964e+01 +5.173344964e+01 +4.7433e-01 +3.0694e+00 +1.1176e+00
244 0 +1.063399456e+01 +5.141399456e+01 +5.141399456e+01 +4.5119e-01 +3.0327e+00 +1.1141e+00
246 0 +1.045507837e+01 +5.123507837e+01 +5.123507837e+01 +4.1847e-01 +2.9568e+00 +1.0860e+00
249 0 +9.911084955e+00 +5.069108496e+01 +5.069108496e+01 +3.4666e-01 +2.9882e+00 +1.1356e+00
250 0 +9.531122632e+00 +5.031112263e+01 +5.031112263e+01 +2.8282e-01 +2.9476e+00 +1.1445e+00
252 0 +9.043642245e+00 +4.982364224e+01 +4.982364224e+01 +1.6073e-01 +2.9359e+00 +1.1821e+00
254 0 +8.804614671e+00 +4.958461467e+01 +4.958461467e+01 -3.1562e-02 +3.0669e+00 +1.3345e+00
255 0 +8.234089242e+00 +4.901408924e+01 +4.901408924e+01 -8.7171e-02 +2.8700e+00 +1.2610e+00
256 0 +7.909510596e+00 +4.868951060e+01 +4.868951060e+01 -3.1167e-01 +2.7565e+00 +1.3016e+00
258 0 +7.733170314e+00 +4.851317031e+01 +4.851317031e+01 -7.4814e-01 +2.8642e+00 +1.5291e+00
263 0 +7.563494901e+00 +4.834349490e+01 +4.834349490e+01 -5.8829e-01 +2.7824e+00 +1.4290e+00
284 0 +7.371133288e+00 +4.815113329e+01 +4.815113329e+01 -7.5081e-01 +2.7169e+00 +1.4902e+00
287 0 +7.197597161e+00 +4.797759716e+01 +4.797759716e+01 -6.8515e-01 +2.6784e+00 +1.4761e+00
289 0 +7.051812216e+00 +4.783181222e+01 +4.783181222e+01 -6.9152e-01 +2.7227e+00 +1.5115e+00
290 0 +6.887956237e+00 +4.766795624e+01 +4.766795624e+01 -7.1450e-01 +2.7336e+00 +1.5471e+00
292 0 +6.741125668e+00 +4.752112567e+01 +4.752112567e+01 -4.5559e-01 +2.6712e+00 +1.4596e+00
293 0 +6.532738414e+00 +4.731273841e+01 +4.731273841e+01 -6.7120e-01 +2.6645e+00 +1.5420e+00
294 0 +6.154419179e+00 +4.693441918e+01 +4.693441918e+01 -7.2399e-01 +2.6345e+00 +1.5898e+00
295 0 +5.763837751e+00 +4.654383775e+01 +4.654383775e+01 -5.7757e-01 +2.6811e+00 +1.5883e+00
296 0 +4.953643236e+00 +4.573364324e+01 +4.573364324e+01 -5.2378e-01 +2.6825e+00 +1.6444e+00
298 0 +3.908237011e+00 +4.468823701e+01 +4.468823701e+01 -6.5697e-01 +2.6014e+00 +1.7512e+00
299 0 +2.999487021e+00 +4.377948702e+01 +4.377948702e+01 -7.5765e-01 +2.5665e+00 +1.8970e+00
300 0 +2.764634336e+00 +4.354463434e+01 +4.354463434e+01 -4.1101e-01 +2.5927e+00 +1.8259e+00
301 0 +2.302797871e+00 +4.308279787e+01 +4.308279787e+01 -2.5452e-01 +2.5718e+00 +1.9439e+00
303 0 +2.066716196e+00 +4.284671620e+01 +4.284671620e+01 -5.5294e-01 +2.4910e+00 +2.2994e+00
309 0 +2.032916106e+00 +4.281291611e+01 +4.281291611e+01 -3.9704e-01 +2.4336e+00 +2.1655e+00
580 0 +1.994833845e+00 +4.277483385e+01 +4.277483385e+01 +2.7031e+00 +8.9701e-01 -1.0834e+00
587 0 +1.947485232e+00 +4.272748523e+01 +4.272748523e+01 +2.6549e+00 +1.0326e+00 -1.2327e+00
590 0 +1.885474952e+00 +4.266547495e+01 +4.266547495e+01 +2.4644e+00 +1.1115e+00 -1.4955e+00
592 0 +1.792193426e+00 +4.257219343e+01 +4.257219343e+01 +2.4631e+00 +1.1882e+00 -1.5657e+00
593 0 +1.728783726e+00 +4.250878373e+01 +4.250878373e+01 +2.3233e+00 +1.2884e+00 -1.7329e+00
596 0 +1.629433980e+00 +4.240943398e+01 +4.240943398e+01 +2.0081e+00 +1.5273e+00 -2.2250e+00
601 0 +1.576900439e+00 +4.235690044e+01 +4.235690044e+01 +2.0681e+00 +1.6275e+00 -2.3908e+00
% f evaluations | g evaluations | best noise-free fitness - Fopt (-1.600000000000e+00) + sum g_i+ | measured fitness | best measured fitness or single-digit g-values | x1 | x2...
1 0 +1.240367020e+01 +1.080367020e+01 +1.080367020e+01 +0.0000e+00 +0.0000e+00 +0.0000e+00
4 0 +1.240178020e+01 +1.080178020e+01 +1.080178020e+01 +0.0000e+00 +0.0000e+00 +2.5000e-04
18 0 +1.229576122e+01 +1.069576122e+01 +1.069576122e+01 -1.0000e-03 -7.0000e-03 +5.0000e-03
25 0 +1.201497360e+01 +1.041497360e+01 +1.041497360e+01 -4.3333e-03 -2.7000e-02 +2.1000e-02
28 0 +1.171980946e+01 +1.011980946e+01 +1.011980946e+01 -8.0000e-03 -5.8000e-02 +4.3250e-02
90 0 +1.147748233e+01 +9.877482326e+00 +9.877482326e+00 -2.9514e-02 -1.0216e-01 +9.0475e-02
104 0 +1.119871289e+01 +9.598712895e+00 +9.598712895e+00 -1.8049e-01 +6.1984e-03 +1.6858e-01
254 0 +1.070917297e+01 +9.109172973e+00 +9.109172973e+00 +1.6907e+00 +2.0865e+00 -2.0925e+00
256 0 +8.545566884e+00 +6.945566884e+00 +6.945566884e+00 +1.5854e+00 +2.3469e+00 -2.2388e+00
257 0 +7.737805574e+00 +6.137805574e+00 +6.137805574e+00 +1.7161e+00 +2.7529e+00 -2.5330e+00
261 0 +7.314143673e+00 +5.714143673e+00 +5.714143673e+00 +1.9022e+00 +3.3977e+00 -2.7951e+00
264 0 +7.181174280e+00 +5.581174280e+00 +5.581174280e+00 +1.7136e+00 +2.7228e+00 -2.3216e+00
266 0 +7.007976652e+00 +5.407976652e+00 +5.407976652e+00 +1.9779e+00 +3.0373e+00 -2.7234e+00
267 0 +5.676870122e+00 +4.076870122e+00 +4.076870122e+00 +2.0131e+00 +3.3523e+00 -2.6937e+00
268 0 +4.912126955e+00 +3.312126955e+00 +3.312126955e+00 +2.1615e+00 +3.6520e+00 -2.7740e+00
271 0 +2.932550422e+00 +1.332550422e+00 +1.332550422e+00 +2.3825e+00 +3.7519e+00 -2.7077e+00
272 0 +2.513727841e+00 +9.137278412e-01 +9.137278412e-01 +2.5847e+00 +4.1093e+00 -2.6999e+00
276 0 +2.302735299e+00 +7.027352988e-01 +7.027352988e-01 +2.5154e+00 +3.8129e+00 -2.3927e+00
287 0 +2.287855481e+00 +6.878554811e-01 +6.878554811e-01 +2.7479e+00 +4.1306e+00 -2.5771e+00
857 0 +2.119088427e+00 +5.190884275e-01 +5.190884275e-01 +4.3248e+00 +2.1985e+00 +4.1572e+00
858 0 +1.912794940e+00 +3.127949397e-01 +3.127949397e-01 +4.3718e+00 +2.3084e+00 +3.8973e+00
869 0 +1.734971121e+00 +1.349711212e-01 +1.349711212e-01 +4.2694e+00 +2.4269e+00 +3.8408e+00
870 0 +1.488433868e+00 -1.115661319e-01 -1.115661319e-01 +4.2052e+00 +2.5178e+00 +3.8653e+00
873 0 +1.373234737e+00 -2.267652625e-01 -2.267652625e-01 +4.0428e+00 +2.6274e+00 +4.0610e+00
875 0 +1.050223097e+00 -5.497769028e-01 -5.497769028e-01 +4.1638e+00 +2.6915e+00 +3.9106e+00
876 0 +1.045745915e+00 -5.542540854e-01 -5.542540854e-01 +4.1620e+00 +2.8384e+00 +3.8394e+00
881 0 +1.006094981e+00 -5.939050194e-01 -5.939050194e-01 +4.0778e+00 +2.9096e+00 +4.0135e+00
884 0 +9.769561597e-01 -6.230438403e-01 -6.230438403e-01 +4.2772e+00 +2.8421e+00 +3.8877e+00
887 0 +9.520534498e-01 -6.479465502e-01 -6.479465502e-01 +4.2069e+00 +2.7605e+00 +3.9209e+00
898 0 +9.331850395e-01 -6.668149605e-01 -6.668149605e-01 +4.2031e+00 +2.8134e+00 +3.9480e+00
% f evaluations | g evaluations | best noise-free fitness - Fopt (-3.708400000000e+02) + sum g_i+ | measured fitness | best measured fitness or single-digit g-values | x1 | x2...
1 0 +3.578233172e+01 -3.350576683e+02 -3.350576683e+02 +0.0000e+00 +0.0000e+00 +0.0000e+00
4 0 +3.577741282e+01 -3.350625872e+02 -3.350625872e+02 +0.0000e+00 +0.0000e+00 +2.5000e-04
18 0 +3.536638131e+01 -3.354736187e+02 -3.354736187e+02 -1.0000e-03 -7.0000e-03 +5.0000e-03
24 0 +3.431768285e+01 -3.365223172e+02 -3.365223172e+02 -4.2500e-03 -2.4500e-02 +1.8500e-02
26 0 +3.358589127e+01 -3.372541087e+02 -3.372541087e+02 -6.0000e-03 -3.7000e-02 +2.9000e-02
28 0 +3.247846858e+01 -3.383615314e+02 -3.383615314e+02 -8.0000e-03 -5.8000e-02 +4.3250e-02
29 0 +3.215491604e+01 -3.386850840e+02 -3.386850840e+02 -1.0417e-02 -6.3167e-02 +4.8250e-02
30 0 +3.093303203e+01 -3.399069680e+02 -3.399069680e+02 -1.4750e-02 -8.6500e-02 +6.6250e-02
31 0 +3.046114891e+01 -3.403788511e+02 -3.403788511e+02 -1.4917e-02 -9.6500e-02 +7.3833e-02
32 0 +2.878708372e+01 -3.420529163e+02 -3.420529163e+02 -2.0250e-02 -1.3250e-01 +1.0150e-01
33 0 +2.815018369e+01 -3.426898163e+02 -3.426898163e+02 -2.2667e-02 -1.4767e-01 +1.1167e-01
34 0 +2.599912242e+01 -3.448408776e+02 -3.448408776e+02 -3.1000e-02 -2.0300e-01 +1.5300e-01
35 0 +2.523740322e+01 -3.456025968e+02 -3.456025968e+02 -3.6000e-02 -2.2333e-01 +1.7058e-01
36 0 +2.267432202e+01 -3.481656780e+02 -3.481656780e+02 -5.0000e-02 -3.0600e-01 +2.3425e-01
37 0 +2.176518265e+01 -3.490748174e+02 -3.490748174e+02 -5.2750e-02 -3.4117e-01 +2.5958e-01
38 0 +1.871155978e+01 -3.521284402e+02 -3.521284402e+02 -7.1750e-02 -4.6850e-01 +3.5625e-01
39 0 +1.762058082e+01 -3.532194192e+02 -3.532194192e+02 -8.1583e-02 -5.1917e-01 +3.9417e-01
40 0 +1.458839655e+01 -3.562516034e+02 -3.562516034e+02 -1.1225e-01 -7.1250e-01 +5.4050e-01
41 0 +1.395339766e+01 -3.568866023e+02 -3.568866023e+02 -1.2500e-01 -7.8833e-01 +6.0100e-01
47 0 +1.380328212e+01 -3.570367179e+02 -3.570367179e+02 -1.2975e-01 -8.2539e-01 +6.2692e-01
108 0 +1.348241444e+01 -3.573575856e+02 -3.573575856e+02 -1.5530e-01 -8.7690e-01 +6.8183e-01
113 0 +1.303326012e+01 -3.578067399e+02 -3.578067399e+02 -1.9158e-01 -8.6864e-01 +7.0852e-01
115 0 +1.273916861e+01 -3.581008314e+02 -3.581008314e+02 -2.2439e-01 -8.9124e-01 +7.5078e-01
117 0 +1.246475863e+01 -3.583752414e+02 -3.583752414e+02 -2.7337e-01 -9.2937e-01 +8.1780e-01
118 0 +1.214193129e+01 -3.586980687e+02 -3.586980687e+02 -2.8008e-01 -8.8052e-01 +7.9293e-01
119 0 +1.162655978e+01 -3.592134402e+02 -3.592134402e+02 -3.3038e-01 -8.6462e-01 +8.2683e-01
121 0 +1.131989987e+01 -3.595201001e+02 -3.595201001e+02 -4.1844e-01 -9.1909e-01 +9.3792e-01
122 0 +1.096163844e+01 -3.598783616e+02 -3.598783616e+02 -5.1547e-01 -9.3302e-01 +1.0315e+00
123 0 +1.047222341e+01 -3.603677766e+02 -3.603677766e+02 -5.3087e-01 -8.8339e-01 +1.0134e+00
124 0 +9.870777135e+00 -3.609692229e+02 -3.609692229e+02 -6.5963e-01 -8.6040e-01 +1.1111e+00
126 0 +9.324195964e+00 -3.615158040e+02 -3.615158040e+02 -7.8447e-01 -8.1501e-01 +1.1926e+00
128 0 +9.049223741e+00 -3.617907763e+02 -3.617907763e+02 -1.0979e+00 -7.6682e-01 +1.4355e+00
131 0 +8.590437359e+00 -3.622495626e+02 -3.622495626e+02 -1.0744e+00 -6.9669e-01 +1.3717e+00
132 0 +8.452912632e+00 -3.623870874e+02 -3.623870874e+02 -1.2818e+00 -6.1483e-01 +1.5020e+00
137 0 +8.169180488e+00 -3.626708195e+02 -3.626708195e+02 -1.2570e+00 -5.2124e-01 +1.4215e+00
215 0 +8.128268593e+00 -3.627117314e+02 -3.627117314e+02 -1.2552e+00 -4.6266e-01 +1.3845e+00
315 0 +7.746413266e+00 -3.630935867e+02 -3.630935867e+02 -2.0549e+00 +2.0911e+00 +6.5923e-01
316 0 +6.427184471e+00 -3.644128155e+02 -3.644128155e+02 -1.9468e+00 +2.1248e+00 +6.6986e-01
318 0 +5.757398936e+00 -3.650826011e+02 -3.650826011e+02 -1.9227e+00 +2.0686e+00 +7.0885e-01
319 0 +3.464173316e+00 -3.673758267e+02 -3.673758267e+02 -1.8026e+00 +2.0911e+00 +7.4429e-01
320 0 +2.350381886e+00 -3.684896181e+02 -3.684896181e+02 -1.6824e+00 +2.1136e+00 +7.2657e-01
321 0 +1.864791039e+00 -3.689752090e+02 -3.689752090e+02 -1.4420e+00 +2.1585e+00 +7.5492e-01
322 0 +1.859811632e+00 -3.689801884e+02 -3.689801884e+02 -1.4420e+00 +2.2597e+00 +7.6555e-01
323 0 +1.319363459e+00 -3.695206365e+02 -3.695206365e+02 -1.1536e+00 +2.3946e+00 +8.0808e-01
335 0 +1.304197877e+00 -3.695358021e+02 -3.695358021e+02 -1.1175e+00 +2.3353e+00 +8.1589e-01
340 0 +1.280472215e+00 -3.695595278e+02 -3.695595278e+02 -1.1786e+00 +2.2632e+00 +7.9864e-01
354 0 +1.258695640e+00 -3.695813044e+02 -3.695813044e+02 -1.1537e+00 +2.3005e+00 +7.7968e-01
489 0 +1.212167176e+00 -3.696278328e+02 -3.696278328e+02 +1.8596e+00 -4.5255e-01 -2.3541e+00
490 0 +5.356770617e-01 -3.703043229e+02 -3.703043229e+02 +2.1750e+00 -4.9223e-01 -2.4602e+00
495 0 +4.941524498e-01 -3.703458476e+02 -3.703458476e+02 +2.6219e+00 -7.2182e-01 -2.7117e+00
498 0 +4.288874748e-01 -3.704111125e+02 -3.704111125e+02 +2.0836e+00 -6.5723e-01 -2.5530e+00
501 0 +1.306782248e-01 -3.707093218e+02 -3.707093218e+02 +2.3773e+00 -6.8468e-01 -2.4137e+00
502 0 +7.013172265e-02 -3.707698683e+02 -3.707698683e+02 +2.4368e+00 -7.1652e-01 -2.2136e+00
506 0 +2.939533871e-02 -3.708106047e+02 -3.708106047e+02 +2.7613e+00 -8.0742e-01 -2.1899e+00
507 0 +2.700901022e-02 -3.708129910e+02 -3.708129910e+02 +3.1002e+00 -8.8251e-01 -2.0084e+00
509 0 +1.639090665e-03 -3.708383609e+02 -3.708383609e+02 +3.1977e+00 -8.7796e-01 -1.6819e+00
518 0 +1.210557038e-03 -3.708387894e+02 -3.708387894e+02 +3.3024e+00 -8.8374e-01 -1.4631e+00
520 0 +2.201699600e-04 -3.708397798e+02 -3.708397798e+02 +2.9907e+00 -8.0450e-01 -1.7658e+00
526 0 +1.595542049e-04 -3.708398404e+02 -3.708398404e+02 +3.1560e+00 -8.5270e-01 -1.5771e+00
527 0 +1.060460249e-06 -3.708399989e+02 -3.708399989e+02 +3.0828e+00 -7.9883e-01 -1.5968e+00
539 0 +5.829823522e-07 -3.708399994e+02 -3.708399994e+02 +3.1141e+00 -7.9966e-01 -1.5717e+00
541 0 +4.978153356e-08 -3.708400000e+02 -3.708400000e+02 +3.1327e+00 -8.1195e-01 -1.5838e+00
547 0 +2.407489319e-08 -3.708400000e+02 -3.708400000e+02 +3.1208e+00 -8.0913e-01 -1.5966e+00
548 0 +2.862805104e-09 -3.708400000e+02 -3.708400000e+02 +3.1170e+00 -8.1144e-01 -1.5884e+00
582 0 +0.000000000e+00 -3.708400000e+02 -3.708400000e+02 +3.1149e+00 -8.0873e-01 -1.5906e+00
% f evaluations | g evaluations | best noise-free fitness - Fopt (-3.256000000000e+01) + sum g_i+ | measured fitness | best measured fitness or single-digit g-values | x1 | x2...
1 0 +5.303999905e+01 +2.047999905e+01 +2.047999905e+01 +0.0000e+00 +0.0000e+00 +0.0000e+00
2 0 +5.302452756e+01 +2.046452756e+01 +2.046452756e+01 +2.5000e-04 +0.0000e+00 +0.0000e+00
20 0 +5.235741791e+01 +1.979741791e+01 +1.979741791e+01 +8.2500e-03 +4.0000e-03 -2.0000e-03
25 0 +5.124716054e+01 +1.868716054e+01 +1.868716054e+01 +2.1000e-02 +1.0583e-02 -4.3333e-03
28 0 +4.918639130e+01 +1.662639130e+01 +1.662639130e+01 +4.3250e-02 +2.3000e-02 -8.0000e-03
29 0 +4.874497353e+01 +1.618497353e+01 +1.618497353e+01 +4.8250e-02 +2.5583e-02 -1.0417e-02
30 0 +4.705236305e+01 +1.449236305e+01 +1.449236305e+01 +6.6250e-02 +3.5250e-02 -1.4750e-02
31 0 +4.638729031e+01 +1.382729031e+01 +1.382729031e+01 +7.3833e-02 +3.7833e-02 -1.4917e-02
32 0 +4.377205927e+01 +1.121205927e+01 +1.121205927e+01 +1.0150e-01 +5.1500e-02 -2.0250e-02
33 0 +4.268216622e+01 +1.012216622e+01 +1.012216622e+01 +1.1167e-01 +5.8917e-02 -2.2667e-02
34 0 +3.871886183e+01 +6.158861834e+00 +6.158861834e+00 +1.5300e-01 +8.1250e-02 -3.1000e-02
35 0 +3.720253897e+01 +4.642538968e+00 +4.642538968e+00 +1.7058e-01 +8.9000e-02 -3.6000e-02
36 0 +3.187415450e+01 -6.858455035e-01 -6.858455035e-01 +2.3425e-01 +1.2200e-01 -5.0000e-02
37 0 +3.000642540e+01 -2.553574601e+00 -2.553574601e+00 +2.5958e-01 +1.3458e-01 -5.2750e-02
38 0 +2.428381203e+01 -8.276187973e+00 -8.276187973e+00 +3.5625e-01 +1.8425e-01 -7.1750e-02
39 0 +2.242087261e+01 -1.013912739e+01 -1.013912739e+01 +3.9417e-01 +2.0683e-01 -8.1583e-02
40 0 +1.613162743e+01 -1.642837257e+01 -1.642837257e+01 +5.4050e-01 +2.8450e-01 -1.1225e-01
41 0 +1.385475937e+01 -1.870524063e+01 -1.870524063e+01 +6.0100e-01 +3.1258e-01 -1.2500e-01
42 0 +9.018279465e+00 -2.354172054e+01 -2.354172054e+01 +8.2500e-01 +4.2825e-01 -1.7200e-01
43 0 +8.489769021e+00 -2.407023098e+01 -2.407023098e+01 +9.1358e-01 +4.7600e-01 -1.8733e-01
98 0 +8.305792496e+00 -2.425420750e+01 -2.425420750e+01 +9.7367e-01 +5.2161e-01 -1.6044e-01
146 0 +8.114980600e+00 -2.444501940e+01 -2.444501940e+01 +8.9812e-01 +5.5652e-01 +1.2279e-02
155 0 +7.902895618e+00 -2.465710438e+01 -2.465710438e+01 +8.0767e-01 +6.0745e-01 +1.9507e-02
162 0 +7.726979769e+00 -2.483302023e+01 -2.483302023e+01 +6.7063e-01 +6.9290e-01 -5.3173e-02
170 0 +7.561906530e+00 -2.499809347e+01 -2.499809347e+01 +6.2808e-01 +7.4731e-01 -4.0018e-02
173 0 +7.325971682e+00 -2.523402832e+01 -2.523402832e+01 +4.5863e-01 +9.1001e-01 -5.4274e-02
175 0 +7.208419792e+00 -2.535158021e+01 -2.535158021e+01 +4.6889e-01 +9.1838e-01 +8.3159e-02
176 0 +6.990868959e+00 -2.556913104e+01 -2.556913104e+01 +4.9663e-01 +9.3158e-01 +5.8597e-02
177 0 +6.719253001e+00 -2.584074700e+01 -2.584074700e+01 +4.6777e-01 +1.0045e+00 +1.1195e-01
180 0 +6.259282817e+00 -2.630071718e+01 -2.630071718e+01 +2.6595e-01 +1.2670e+00 +2.3332e-01
181 0 +6.045308734e+00 -2.651469127e+01 -2.651469127e+01 +1.6448e-01 +1.4413e+00 +3.0839e-01
183 0 +5.845206241e+00 -2.671479376e+01 -2.671479376e+01 +3.1875e-01 +1.3277e+00 +2.5362e-01
184 0 +5.485952081e+00 -2.707404792e+01 -2.707404792e+01 +3.0149e-01 +1.4252e+00 +2.5258e-01
187 0 +5.081103583e+00 -2.747889642e+01 -2.747889642e+01 +5.9504e-02 +1.7020e+00 +2.9455e-01
188 0 +4.628446537e+00 -2.793155346e+01 -2.793155346e+01 -9.8648e-02 +1.9307e+00 +2.6999e-01
190 0 +4.452876292e+00 -2.810712371e+01 -2.810712371e+01 -6.6907e-03 +1.6906e+00 +3.8289e-02
191 0 +3.369912642e+00 -2.919008736e+01 -2.919008736e+01 -3.3708e-02 +1.9230e+00 +6.5513e-02
192 0 +2.896002885e+00 -2.966399712e+01 -2.966399712e+01 -1.3280e-01 +2.1639e+00 -5.5928e-02
200 0 +2.868698605e+00 -2.969130139e+01 -2.969130139e+01 +9.7885e-03 +2.1090e+00 -1.2661e-01
202 0 +2.795797101e+00 -2.976420290e+01 -2.976420290e+01 -1.1071e-01 +2.2313e+00 -2.2316e-01
699 0 +2.417184321e+00 -3.014281568e+01 -3.014281568e+01 -2.0747e-01 -1.4394e+00 -1.1634e+00
709 0 +2.165312293e+00 -3.039468771e+01 -3.039468771e+01 -1.8641e-01 -1.5442e+00 -1.1728e+00
710 0 +2.050972181e+00 -3.050902782e+01 -3.050902782e+01 -1.4855e-01 -1.6848e+00 -1.1701e+00
713 0 +2.021012831e+00 -3.053898717e+01 -3.053898717e+01 -1.1307e-01 -1.6971e+00 -1.1639e+00
714 0 +1.911835439e+00 -3.064816456e+01 -3.064816456e+01 -3.7858e-02 -1.7907e+00 -1.1730e+00
716 0 +1.369281876e+00 -3.119071812e+01 -3.119071812e+01 +4.7213e-02 -1.9651e+00 -1.1995e+00
717 0 +6.108645302e-01 -3.194913547e+01 -3.194913547e+01 +1.7524e-01 -2.1044e+00 -1.2339e+00
718 0 +5.985100825e-01 -3.196148992e+01 -3.196148992e+01 +2.0278e-01 -2.2465e+00 -1.2028e+00
719 0 +4.483640289e-01 -3.211163597e+01 -3.211163597e+01 +3.7845e-01 -2.5273e+00 -1.2192e+00
720 0 +4.339035296e-01 -3.212609647e+01 -3.212609647e+01 +3.9991e-01 -2.2797e+00 -1.2649e+00
721 0 +3.619068354e-01 -3.219809316e+01 -3.219809316e+01 +6.2788e-01 -2.4186e+00 -1.3210e+00
722 0 +2.559987144e-02 -3.253440013e+01 -3.253440013e+01 +8.2557e-01 -2.9096e+00 -1.3431e+00
723 0 +1.448515370e-02 -3.254551485e+01 -3.254551485e+01 +1.2573e+00 -3.4691e+00 -1.4281e+00
729 0 +1.382255495e-02 -3.254617745e+01 -3.254617745e+01 +8.8449e-01 -3.1550e+00 -1.3497e+00
732 0 +1.063961209e-02 -3.254936039e+01 -3.254936039e+01 +9.4390e-01 -3.1341e+00 -1.3497e+00
734 0 +4.753542814e-03 -3.255524646e+01 -3.255524646e+01 +1.1865e+00 -3.4727e+00 -1.3934e+00
736 0 +4.099716112e-03 -3.255590028e+01 -3.255590028e+01 +1.1311e+00 -3.3615e+00 -1.3962e+00
740 0 +3.823854676e-03 -3.255617615e+01 -3.255617615e+01 +1.1798e+00 -3.4695e+00 -1.4023e+00
741 0 +3.660635326e-03 -3.255633936e+01 -3.255633936e+01 +1.0113e+00 -3.2406e+00 -1.3821e+00
747 0 +3.589340183e-03 -3.255641066e+01 -3.255641066e+01 +1.1041e+00 -3.3763e+00 -1.3913e+00
750 0 +3.432940941e-03 -3.255656706e+01 -3.255656706e+01 +1.0575e+00 -3.3184e+00 -1.3911e+00
751 0 +3.101229734e-03 -3.255689877e+01 -3.255689877e+01 +1.0629e+00 -3.3286e+00 -1.3970e+00
754 0 +2.987600467e-03 -3.255701240e+01 -3.255701240e+01 +1.1261e+00 -3.4336e+00 -1.4114e+00
755 0 +2.864073460e-03 -3.255713593e+01 -3.255713593e+01 +1.1372e+00 -3.4623e+00 -1.4214e+00
756 0 +1.679915791e-03 -3.255832008e+01 -3.255832008e+01 +1.1098e+00 -3.3939e+00 -1.4203e+00
757 0 +1.027241179e-03 -3.255897276e+01 -3.255897276e+01 +1.1011e+00 -3.3736e+00 -1.4314e+00
759 0 +9.866721095e-04 -3.255901333e+01 -3.255901333e+01 +1.1263e+00 -3.4451e+00 -1.4543e+00
761 0 +6.205409898e-04 -3.255937946e+01 -3.255937946e+01 +1.0447e+00 -3.2999e+00 -1.4519e+00
762 0 +3.531531659e-04 -3.255964685e+01 -3.255964685e+01 +9.9850e-01 -3.2187e+00 -1.4671e+00
763 0 +2.759317332e-04 -3.255972407e+01 -3.255972407e+01 +1.1052e+00 -3.3670e+00 -1.4777e+00
764 0 +2.089108570e-04 -3.255979109e+01 -3.255979109e+01 +1.1351e+00 -3.3883e+00 -1.5045e+00
765 0 +3.795787231e-05 -3.255996204e+01 -3.255996204e+01 +1.0721e+00 -3.3277e+00 -1.5192e+00
766 0 +2.093757523e-05 -3.255997906e+01 -3.255997906e+01 +1.0576e+00 -3.3048e+00 -1.5631e+00
767 0 +1.530324545e-05 -3.255998470e+01 -3.255998470e+01 +1.0012e+00 -3.1627e+00 -1.5688e+00
771 0 +9.255200098e-06 -3.255999074e+01 -3.255999074e+01 +1.0992e+00 -3.3307e+00 -1.5448e+00
773 0 +6.582571402e-06 -3.255999342e+01 -3.255999342e+01 +1.0917e+00 -3.3090e+00 -1.5914e+00
775 0 +6.783636124e-07 -3.255999932e+01 -3.255999932e+01 +1.0608e+00 -3.2861e+00 -1.5657e+00
777 0 +5.221563981e-08 -3.255999995e+01 -3.255999995e+01 +1.0426e+00 -3.2357e+00 -1.5681e+00
785 0 +4.463655756e-08 -3.255999996e+01 -3.255999996e+01 +1.0502e+00 -3.2627e+00 -1.5683e+00
787 0 +3.775620883e-08 -3.255999996e+01 -3.255999996e+01 +1.0575e+00 -3.2602e+00 -1.5638e+00
790 0 +5.296641348e-09 -3.255999999e+01 -3.255999999e+01 +1.0564e+00 -3.2603e+00 -1.5718e+00
828 0 +0.000000000e+00 -3.256000000e+01 -3.256000000e+01 +1.0500e+00 -3.2544e+00 -1.5674e+00
% f evaluations | g evaluations | best noise-free fitness - Fopt (5.154000000000e+02) + sum g_i+ | measured fitness | best measured fitness or single-digit g-values | x1 | x2...
1 0 +2.054857278e+01 +5.359485728e+02 +5.359485728e+02 +0.0000e+00 +0.0000e+00 +0.0000e+00
3 0 +2.054733644e+01 +5.359473364e+02 +5.359473364e+02 +0.0000e+00 +2.5000e-04 +0.0000e+00
16 0 +2.041547011e+01 +5.358154701e+02 +5.358154701e+02 -4.3889e-03 +9.7222e-04 +2.3889e-03
23 0 +1.989830299e+01 +5.352983030e+02 +5.352983030e+02 -2.1833e-02 +3.5833e-03 +1.1583e-02
26 0 +1.942227828e+01 +5.348222783e+02 +5.348222783e+02 -3.7000e-02 +5.6667e-03 +2.0583e-02
27 0 +1.899291525e+01 +5.343929152e+02 +5.343929152e+02 -5.1000e-02 +8.0000e-03 +2.8250e-02
29 0 +1.820442856e+01 +5.336044286e+02 +5.336044286e+02 -7.7000e-02 +1.1000e-02 +4.2000e-02
30 0 +1.791362877e+01 +5.333136288e+02 +5.333136288e+02 -8.5389e-02 +1.1806e-02 +4.7806e-02
31 0 +1.689080618e+01 +5.322908062e+02 +5.322908062e+02 -1.1717e-01 +1.5917e-02 +6.5917e-02
32 0 +1.648711240e+01 +5.318871124e+02 +5.318871124e+02 -1.3061e-01 +1.9194e-02 +7.1944e-02
33 0 +1.491551745e+01 +5.303155174e+02 +5.303155174e+02 -1.7950e-01 +2.6750e-02 +9.8500e-02
34 0 +1.431290427e+01 +5.297129043e+02 +5.297129043e+02 -1.9811e-01 +2.7778e-02 +1.0936e-01
35 0 +1.208967755e+01 +5.274896776e+02 +5.274896776e+02 -2.7167e-01 +3.7667e-02 +1.4992e-01
36 0 +1.125166380e+01 +5.266516638e+02 +5.266516638e+02 -3.0189e-01 +4.2556e-02 +1.6756e-01
37 0 +8.951194772e+00 +5.243511948e+02 +5.243511948e+02 -4.1433e-01 +5.8333e-02 +2.3033e-01
38 0 +8.359648369e+00 +5.237596484e+02 +5.237596484e+02 -4.5983e-01 +6.5917e-02 +2.5325e-01
39 0 +6.323729675e+00 +5.217237297e+02 +5.217237297e+02 -6.3117e-01 +9.0917e-02 +3.4692e-01
40 0 +5.101046831e+00 +5.205010468e+02 +5.205010468e+02 -6.9861e-01 +9.7861e-02 +3.8628e-01
41 0 +2.099026065e+00 +5.174990261e+02 +5.174990261e+02 -9.5817e-01 +1.3342e-01 +5.3017e-01
42 0 +1.962822100e+00 +5.173628221e+02 +5.173628221e+02 -1.0641e+00 +1.5078e-01 +5.8836e-01
43 0 +8.308342434e-01 +5.162308342e+02 +5.162308342e+02 -1.4603e+00 +2.0733e-01 +8.0758e-01
92 0 +8.126476456e-01 +5.162126476e+02 +5.162126476e+02 -1.5045e+00 +2.1182e-01 +8.3714e-01
99 0 +7.880629363e-01 +5.161880629e+02 +5.161880629e+02 -1.4821e+00 +2.0541e-01 +8.4499e-01
101 0 +7.748619756e-01 +5.161748620e+02 +5.161748620e+02 -1.4652e+00 +2.0178e-01 +8.4858e-01
103 0 +7.538732661e-01 +5.161538733e+02 +5.161538733e+02 -1.4681e+00 +1.9814e-01 +8.7210e-01
105 0 +7.354942745e-01 +5.161354943e+02 +5.161354943e+02 -1.4140e+00 +1.8614e-01 +8.7164e-01
107 0 +7.107785754e-01 +5.161107786e+02 +5.161107786e+02 -1.3831e+00 +1.7525e-01 +9.0234e-01
108 0 +7.042946605e-01 +5.161042947e+02 +5.161042947e+02 -1.3782e+00 +1.7124e-01 +9.1547e-01
420 0 +4.896722451e-01 +5.158896722e+02 +5.158896722e+02 -4.4147e+00 -1.6112e+00 -1.8158e+00
421 0 +6.845279791e-02 +5.154684528e+02 +5.154684528e+02 -3.9786e+00 -1.2620e+00 -2.1099e+00
424 0 +1.263347963e-03 +5.154012633e+02 +5.154012633e+02 -3.3654e+00 -5.3616e-01 -2.7626e+00
435 0 +2.207650041e-04 +5.154002208e+02 +5.154002208e+02 -3.4184e+00 -7.4668e-01 -2.6307e+00
438 0 +3.338097713e-05 +5.154000334e+02 +5.154000334e+02 -3.5486e+00 -8.1373e-01 -2.5227e+00
444 0 +2.709207990e-05 +5.154000271e+02 +5.154000271e+02 -3.4727e+00 -7.4438e-01 -2.6115e+00
447 0 +6.126557992e-06 +5.154000061e+02 +5.154000061e+02 -3.4556e+00 -7.0644e-01 -2.6278e+00
449 0 +2.504065492e-06 +5.154000025e+02 +5.154000025e+02 -3.4933e+00 -7.6817e-01 -2.5712e+00
452 0 +3.573152298e-07 +5.154000004e+02 +5.154000004e+02 -3.4466e+00 -7.2426e-01 -2.5957e+00
454 0 +1.994914101e-07 +5.154000002e+02 +5.154000002e+02 -3.5005e+00 -7.3756e-01 -2.5847e+00
459 0 +1.142376505e-07 +5.154000001e+02 +5.154000001e+02 -3.4608e+00 -7.0927e-01 -2.6075e+00
461 0 +3.958575689e-09 +5.154000000e+02 +5.154000000e+02 -3.4615e+00 -7.2408e-01 -2.5975e+00
497 0 +0.000000000e+00 +5.154000000e+02 +5.154000000e+02 -3.4727e+00 -7.2878e-01 -2.5936e+00
% f evaluations | g evaluations | best noise-free fitness - Fopt (-8.628000000000e+01) + sum g_i+ | measured fitness | best measured fitness or single-digit g-values | x1 | x2...
1 0 +3.782321205e+01 -4.845678795e+01 -4.845678795e+01 +0.0000e+00 +0.0000e+00 +0.0000e+00
2 0 +3.781742693e+01 -4.846257307e+01 -4.846257307e+01 +2.5000e-04 +0.0000e+00 +0.0000e+00
20 0 +3.709578048e+01 -4.918421952e+01 -4.918421952e+01 +4.0000e-03 -1.0000e-02 +8.2500e-03
24 0 +3.616989571e+01 -5.011010429e+01 -5.011010429e+01 +1.0500e-02 -2.4500e-02 +1.8500e-02
26 0 +3.534280853e+01 -5.093719147e+01 -5.093719147e+01 +1.4250e-02 -3.7000e-02 +2.9000e-02
28 0 +3.417577691e+01 -5.210422309e+01 -5.210422309e+01 +2.3000e-02 -5.8000e-02 +4.3250e-02
29 0 +3.380976517e+01 -5.247023483e+01 -5.247023483e+01 +2.5583e-02 -6.3167e-02 +4.8250e-02
30 0 +3.252776661e+01 -5.375223339e+01 -5.375223339e+01 +3.5250e-02 -8.6500e-02 +6.6250e-02
31 0 +3.204681188e+01 -5.423318812e+01 -5.423318812e+01 +3.7833e-02 -9.6500e-02 +7.3833e-02
32 0 +3.039307687e+01 -5.588692313e+01 -5.588692313e+01 +5.1500e-02 -1.3250e-01 +1.0150e-01
33 0 +2.981570923e+01 -5.646429077e+01 -5.646429077e+01 +5.8917e-02 -1.4767e-01 +1.1167e-01
34 0 +2.794096022e+01 -5.833903978e+01 -5.833903978e+01 +8.1250e-02 -2.0300e-01 +1.5300e-01
35 0 +2.730852490e+01 -5.897147510e+01 -5.897147510e+01 +8.9000e-02 -2.2333e-01 +1.7058e-01
36 0 +2.563757993e+01 -6.064242007e+01 -6.064242007e+01 +1.2200e-01 -3.0600e-01 +2.3425e-01
38 0 +2.496513728e+01 -6.131486272e+01 -6.131486272e+01 +1.8425e-01 -4.6850e-01 +3.5625e-01
40 0 +2.085365492e+01 -6.542634508e+01 -6.542634508e+01 +2.6081e-01 -6.5944e-01 +5.0344e-01
41 0 +1.501677426e+01 -7.126322574e+01 -7.126322574e+01 +3.5058e-01 -8.8767e-01 +6.7867e-01
42 0 +1.419093001e+01 -7.208906999e+01 -7.208906999e+01 +3.7244e-01 -9.4422e-01 +7.1847e-01
44 0 +1.353321137e+01 -7.274678863e+01 -7.274678863e+01 +3.9802e-01 -1.0144e+00 +7.7476e-01
55 0 +1.341183113e+01 -7.286816887e+01 -7.286816887e+01 +4.2951e-01 -1.0925e+00 +8.3311e-01
100 0 +1.314788526e+01 -7.313211474e+01 -7.313211474e+01 +3.8845e-01 -1.0597e+00 +8.1197e-01
106 0 +1.282671637e+01 -7.345328363e+01 -7.345328363e+01 +3.0814e-01 -9.8192e-01 +7.5792e-01
108 0 +1.251902032e+01 -7.376097968e+01 -7.376097968e+01 +2.3760e-01 -9.4628e-01 +7.3886e-01
157 0 +1.230147973e+01 -7.397852027e+01 -7.397852027e+01 +1.1212e-01 -8.8232e-01 +7.0456e-01
190 0 +1.195698292e+01 -7.432301708e+01 -7.432301708e+01 +1.6664e-01 -9.2123e-01 +8.0331e-01
193 0 +1.168889941e+01 -7.459110059e+01 -7.459110059e+01 +1.2913e-01 -8.8070e-01 +8.1535e-01
196 0 +1.127010577e+01 -7.500989423e+01 -7.500989423e+01 +1.4097e-01 -8.6286e-01 +9.1598e-01
197 0 +1.102288747e+01 -7.525711253e+01 -7.525711253e+01 +1.2814e-01 -8.3367e-01 +9.7231e-01
198 0 +1.080953951e+01 -7.547046049e+01 -7.547046049e+01 +5.8122e-02 -8.2653e-01 +9.5835e-01
199 0 +1.041400519e+01 -7.586599481e+01 -7.586599481e+01 -1.3289e-02 -7.8579e-01 +1.0148e+00
201 0 +9.885694083e+00 -7.639430592e+01 -7.639430592e+01 -1.3440e-01 -6.5693e-01 +1.0129e+00
202 0 +9.479019727e+00 -7.680098027e+01 -7.680098027e+01 -1.0359e-01 -6.5969e-01 +1.1691e+00
203 0 +8.848381713e+00 -7.743161829e+01 -7.743161829e+01 -2.0067e-01 -5.6057e-01 +1.3382e+00
204 0 +8.692183361e+00 -7.758781664e+01 -7.758781664e+01 -3.6037e-01 -5.0186e-01 +1.2716e+00
205 0 +8.168792701e+00 -7.811120730e+01 -7.811120730e+01 -6.0463e-01 -3.3595e-01 +1.4213e+00
206 0 +7.728722238e+00 -7.855127776e+01 -7.855127776e+01 -6.1318e-01 -2.4985e-01 +1.5001e+00
207 0 +6.818519604e+00 -7.946148040e+01 -7.946148040e+01 -9.1312e-01 +1.8129e-02 +1.7428e+00
208 0 +6.148392701e+00 -8.013160730e+01 -8.013160730e+01 -1.0112e+00 +7.1330e-02 +1.9886e+00
209 0 +4.207850285e+00 -8.207214972e+01 -8.207214972e+01 -1.4496e+00 +4.3546e-01 +2.4765e+00
211 0 +2.639118121e+00 -8.364088188e+01 -8.364088188e+01 -2.1556e+00 +1.0643e+00 +3.0064e+00
218 0 +2.603708011e+00 -8.367629199e+01 -8.367629199e+01 -2.5811e+00 +1.3758e+00 +3.4989e+00
220 0 +2.566051808e+00 -8.371394819e+01 -8.371394819e+01 -2.6113e+00 +1.4044e+00 +3.3708e+00
227 0 +2.482676991e+00 -8.379732301e+01 -8.379732301e+01 -2.4518e+00 +1.3204e+00 +3.3473e+00
532 0 +5.171225474e-01 -8.576287745e+01 -8.576287745e+01 -1.7244e+00 +1.3876e+00 +2.2587e+00
533 0 +8.718729778e-03 -8.627128127e+01 -8.627128127e+01 -2.1203e+00 +2.1107e+00 +2.7955e+00
546 0 +9.775150557e-04 -8.627902248e+01 -8.627902248e+01 -2.6613e+00 +2.5072e+00 +3.2477e+00
550 0 +9.283263233e-04 -8.627907167e+01 -8.627907167e+01 -2.3315e+00 +2.2259e+00 +2.8992e+00
552 0 +8.930526456e-04 -8.627910695e+01 -8.627910695e+01 -2.3141e+00 +2.2176e+00 +2.9305e+00
553 0 +9.840142718e-05 -8.627990160e+01 -8.627990160e+01 -2.3402e+00 +2.3936e+00 +3.0018e+00
556 0 +1.991454081e-05 -8.627998009e+01 -8.627998009e+01 -2.4950e+00 +2.3931e+00 +3.0958e+00
563 0 +1.201091450e-05 -8.627998799e+01 -8.627998799e+01 -2.3837e+00 +2.3822e+00 +3.0298e+00
565 0 +1.852809234e-06 -8.627999815e+01 -8.627999815e+01 -2.4983e+00 +2.4271e+00 +3.0962e+00
568 0 +1.754559420e-06 -8.627999825e+01 -8.627999825e+01 -2.4773e+00 +2.4370e+00 +3.1035e+00
570 0 +1.211129870e-06 -8.627999879e+01 -8.627999879e+01 -2.4322e+00 +2.4266e+00 +3.0669e+00
572 0 +5.497683020e-07 -8.627999945e+01 -8.627999945e+01 -2.4265e+00 +2.4062e+00 +3.0594e+00
574 0 +7.083013998e-08 -8.627999993e+01 -8.627999993e+01 -2.4718e+00 +2.4252e+00 +3.0864e+00
577 0 +3.422042028e-08 -8.627999997e+01 -8.627999997e+01 -2.4510e+00 +2.4013e+00 +3.0667e+00
581 0 +2.273509381e-09 -8.628000000e+01 -8.628000000e+01 -2.4459e+00 +2.4127e+00 +3.0660e+00
616 0 +0.000000000e+00 -8.628000000e+01 -8.628000000e+01 -2.4520e+00 +2.4120e+00 +3.0685e+00
% f evaluations | g evaluations | best noise-free fitness - Fopt (2.224000000000e+01) + sum g_i+ | measured fitness | best measured fitness or single-digit g-values | x1 | x2...
1 0 +6.032866221e+01 +8.256866221e+01 +8.256866221e+01 +0.0000e+00 +0.0000e+00 +0.0000e+00
2 0 +6.032623566e+01 +8.256623566e+01 +8.256623566e+01 +2.5000e-04 +0.0000e+00 +0.0000e+00
14 0 +6.024384073e+01 +8.248384073e+01 +8.248384073e+01 +5.8333e-04 +2.2500e-03 -3.1667e-03
29 0 +5.869571007e+01 +8.093571007e+01 +8.093571007e+01 +1.7583e-02 +3.4472e-02 -6.1611e-02
32 0 +5.673248448e+01 +7.897248448e+01 +7.897248448e+01 +3.7417e-02 +7.1167e-02 -1.3017e-01
34 0 +5.470735786e+01 +7.694735786e+01 +7.694735786e+01 +5.7333e-02 +1.0633e-01 -1.9433e-01
36 0 +5.114545429e+01 +7.338545429e+01 +7.338545429e+01 +8.5333e-02 +1.6592e-01 -2.9900e-01
37 0 +5.003881842e+01 +7.227881842e+01 +7.227881842e+01 +9.6139e-02 +1.8136e-01 -3.3117e-01
38 0 +4.559690159e+01 +6.783690159e+01 +6.783690159e+01 +1.3225e-01 +2.4825e-01 -4.5450e-01
39 0 +4.385200077e+01 +6.609200077e+01 +6.609200077e+01 +1.4586e-01 +2.7583e-01 -5.0172e-01
40 0 +3.323674436e+01 +5.547674436e+01 +5.547674436e+01 +2.0008e-01 +3.7817e-01 -6.8750e-01
41 0 +3.244940703e+01 +5.468940703e+01 +5.468940703e+01 +2.2111e-01 +4.2189e-01 -7.6633e-01
42 0 +2.872713876e+01 +5.096713876e+01 +5.096713876e+01 +3.0300e-01 +5.7967e-01 -1.0523e+00
43 0 +2.702237507e+01 +4.926237507e+01 +4.926237507e+01 +3.3822e-01 +6.3814e-01 -1.1639e+00
44 0 +2.350143791e+01 +4.574143791e+01 +4.574143791e+01 +4.6467e-01 +8.7425e-01 -1.5963e+00
45 0 +2.321161407e+01 +4.545161407e+01 +4.545161407e+01 +5.1292e-01 +9.7314e-01 -1.7696e+00
79 0 +2.288824664e+01 +4.512824664e+01 +4.512824664e+01 +4.6618e-01 +9.7302e-01 -1.6658e+00
85 0 +2.218868198e+01 +4.442868198e+01 +4.442868198e+01 +4.2600e-01 +1.0900e+00 -1.6530e+00
87 0 +2.182187842e+01 +4.406187842e+01 +4.406187842e+01 +3.8963e-01 +1.1811e+00 -1.6395e+00
121 0 +2.136614486e+01 +4.360614486e+01 +4.360614486e+01 +3.1951e-01 +1.3791e+00 -1.5944e+00
136 0 +2.082617085e+01 +4.306617085e+01 +4.306617085e+01 +3.9187e-01 +1.3677e+00 -1.5997e+00
140 0 +2.039509467e+01 +4.263509467e+01 +4.263509467e+01 +4.2150e-01 +1.2994e+00 -1.4610e+00
142 0 +1.988521221e+01 +4.212521221e+01 +4.212521221e+01 +4.8143e-01 +1.3072e+00 -1.4304e+00
143 0 +1.948570656e+01 +4.172570656e+01 +4.172570656e+01 +5.4287e-01 +1.2955e+00 -1.3835e+00
147 0 +1.896423386e+01 +4.120423386e+01 +4.120423386e+01 +7.0538e-01 +1.2379e+00 -1.3177e+00
149 0 +1.857523130e+01 +4.081523130e+01 +4.081523130e+01 +7.1891e-01 +1.3203e+00 -1.3627e+00
156 0 +1.799052124e+01 +4.023052124e+01 +4.023052124e+01 +9.7370e-01 +1.4376e+00 -1.4033e+00
397 0 +1.522337663e+01 +3.746337663e+01 +3.746337663e+01 +5.7543e-02 -1.0416e+00 -3.9397e+00
398 0 +1.013175375e+01 +3.237175375e+01 +3.237175375e+01 -3.6095e-01 -1.1046e+00 -4.2137e+00
400 0 +8.307920231e+00 +3.054792023e+01 +3.054792023e+01 -7.3934e-01 -1.0836e+00 -4.4307e+00
401 0 +8.111895248e+00 +3.035189525e+01 +3.035189525e+01 -1.2346e+00 -1.0989e+00 -4.8783e+00
412 0 +7.853510843e+00 +3.009351084e+01 +3.009351084e+01 -7.9646e-01 -1.0720e+00 -4.7506e+00
423 0 +7.760759971e+00 +3.000075997e+01 +3.000075997e+01 -9.8132e-01 -1.0760e+00 -4.8037e+00
452 0 +7.565884039e+00 +2.980588404e+01 +2.980588404e+01 -8.9004e-01 -9.8587e-01 -4.7224e+00
457 0 +7.340929165e+00 +2.958092916e+01 +2.958092916e+01 -8.2921e-01 -8.6376e-01 -4.5790e+00
458 0 +7.241184563e+00 +2.948118456e+01 +2.948118456e+01 -8.1281e-01 -7.9113e-01 -4.5231e+00
464 0 +7.062540458e+00 +2.930254046e+01 +2.930254046e+01 -6.9357e-01 -5.3412e-01 -4.3876e+00
578 0 +6.742617430e+00 +2.898261743e+01 +2.898261743e+01 +2.5923e+00 -2.9025e+00 -1.7656e+00
580 0 +5.672579761e+00 +2.791257976e+01 +2.791257976e+01 +3.1120e+00 -3.2551e+00 -1.8159e+00
584 0 +4.756656251e+00 +2.699665625e+01 +2.699665625e+01 +2.9190e+00 -3.3070e+00 -1.6884e+00
592 0 +4.488873582e+00 +2.672887358e+01 +2.672887358e+01 +2.6934e+00 -3.2240e+00 -1.5449e+00
596 0 +4.192377754e+00 +2.643237775e+01 +2.643237775e+01 +2.7454e+00 -3.3246e+00 -1.5342e+00
597 0 +4.072513474e+00 +2.631251347e+01 +2.631251347e+01 +2.7170e+00 -3.4166e+00 -1.4245e+00
599 0 +3.896394461e+00 +2.613639446e+01 +2.613639446e+01 +2.5606e+00 -3.4142e+00 -1.2302e+00
601 0 +3.549263433e+00 +2.578926343e+01 +2.578926343e+01 +2.4877e+00 -3.4842e+00 -1.1738e+00
602 0 +3.452066910e+00 +2.569206691e+01 +2.569206691e+01 +2.3848e+00 -3.6143e+00 -9.8823e-01
608 0 +3.275016081e+00 +2.551501608e+01 +2.551501608e+01 +2.0545e+00 -3.7714e+00 -5.8267e-01
613 0 +3.202380156e+00 +2.544238016e+01 +2.544238016e+01 +1.9496e+00 -3.7743e+00 -4.5366e-01
709 0 +1.972850001e+00 +2.421285000e+01 +2.421285000e+01 +1.6621e+00 +1.7458e+00 +2.6818e+00
710 0 +1.302859181e-01 +2.237028592e+01 +2.237028592e+01 +1.6918e+00 +1.8225e+00 +2.3770e+00
719 0 +1.090876721e-01 +2.234908767e+01 +2.234908767e+01 +1.7571e+00 +1.8107e+00 +2.2825e+00
721 0 +1.001902508e-01 +2.234019025e+01 +2.234019025e+01 +1.7635e+00 +1.8131e+00 +2.3125e+00
722 0 +6.653385878e-02 +2.230653386e+01 +2.230653386e+01 +1.8326e+00 +1.7415e+00 +2.3117e+00
726 0 +6.461378788e-02 +2.230461379e+01 +2.230461379e+01 +1.8238e+00 +1.7293e+00 +2.3803e+00
728 0 +5.371485025e-02 +2.229371485e+01 +2.229371485e+01 +1.8576e+00 +1.6710e+00 +2.3955e+00
730 0 +3.983689184e-02 +2.227983689e+01 +2.227983689e+01 +1.9008e+00 +1.6726e+00 +2.3549e+00
731 0 +2.879935265e-02 +2.226879935e+01 +2.226879935e+01 +1.9636e+00 +1.6312e+00 +2.3473e+00
733 0 +1.610849622e-02 +2.225610850e+01 +2.225610850e+01 +2.0108e+00 +1.5473e+00 +2.4063e+00
734 0 +7.463508784e-03 +2.224746351e+01 +2.224746351e+01 +2.1042e+00 +1.4564e+00 +2.4193e+00
735 0 +4.496644632e-03 +2.224449664e+01 +2.224449664e+01 +2.1414e+00 +1.4626e+00 +2.4070e+00
736 0 +1.805581535e-03 +2.224180558e+01 +2.224180558e+01 +2.2833e+00 +1.3584e+00 +2.4127e+00
738 0 +6.495149260e-04 +2.224064951e+01 +2.224064951e+01 +2.4970e+00 +1.1460e+00 +2.4401e+00
741 0 +4.077200522e-04 +2.224040772e+01 +2.224040772e+01 +2.6069e+00 +1.0728e+00 +2.4818e+00
744 0 +1.313058502e-04 +2.224013131e+01 +2.224013131e+01 +2.3744e+00 +1.2409e+00 +2.4719e+00
747 0 +2.340492413e-05 +2.224002340e+01 +2.224002340e+01 +2.5555e+00 +1.0969e+00 +2.5228e+00
754 0 +4.012789113e-06 +2.224000401e+01 +2.224000401e+01 +2.4880e+00 +1.1627e+00 +2.5067e+00
764 0 +3.917551638e-06 +2.224000392e+01 +2.224000392e+01 +2.5378e+00 +1.1232e+00 +2.5182e+00
766 0 +1.285561225e-06 +2.224000129e+01 +2.224000129e+01 +2.4985e+00 +1.1589e+00 +2.5056e+00
767 0 +1.082367444e-06 +2.224000108e+01 +2.224000108e+01 +2.4844e+00 +1.1769e+00 +2.5031e+00
769 0 +2.623412279e-07 +2.224000026e+01 +2.224000026e+01 +2.5234e+00 +1.1520e+00 +2.5203e+00
770 0 +2.069368890e-07 +2.224000021e+01 +2.224000021e+01 +2.5411e+00 +1.1466e+00 +2.5272e+00
772 0 +6.473758418e-08 +2.224000006e+01 +2.224000006e+01 +2.5060e+00 +1.1818e+00 +2.5109e+00
775 0 +6.391176299e-08 +2.224000006e+01 +2.224000006e+01 +2.5279e+00 +1.1491e+00 +2.5131e+00
777 0 +5.111349566e-08 +2.224000005e+01 +2.224000005e+01 +2.5453e+00 +1.1503e+00 +2.5240e+00
779 0 +1.186381837e-08 +2.224000001e+01 +2.224000001e+01 +2.5337e+00 +1.1535e+00 +2.5216e+00
781 0 +5.141593817e-10 +2.224000000e+01 +2.224000000e+01 +2.5208e+00 +1.1664e+00 +2.5152e+00
814 0 +0.000000000e+00 +2.224000000e+01 +2.224000000e+01 +2.5229e+00 +1.1649e+00 +2.5177e+00
% f evaluations | g evaluations | best noise-free fitness - Fopt (-2.301000000000e+01) + sum g_i+ | measured fitness | best measured fitness or single-digit g-values | x1 | x2...
1 0 +2.526819919e+01 +2.258199188e+00 +2.258199188e+00 +0.0000e+00 +0.0000e+00 +0.0000e+00
2 0 +2.526651903e+01 +2.256519030e+00 +2.256519030e+00 +2.5000e-04 +0.0000e+00 +0.0000e+00
24 0 +2.511769252e+01 +2.107692521e+00 +2.107692521e+00 +1.3500e-02 +6.7500e-03 +3.5000e-03
32 0 +2.449908727e+01 +1.489087268e+00 +1.489087268e+00 +7.1167e-02 +3.7417e-02 +2.1833e-02
36 0 +2.368754686e+01 +6.775468553e-01 +6.775468553e-01 +1.6592e-01 +8.5333e-02 +4.8000e-02
38 0 +2.310697203e+01 +9.697202732e-02 +9.697202732e-02 +2.4825e-01 +1.3225e-01 +7.4250e-02
40 0 +2.253456380e+01 -4.754361962e-01 -4.754361962e-01 +3.7817e-01 +2.0008e-01 +1.0950e-01
42 0 +2.231434080e+01 -6.956592008e-01 -6.956592008e-01 +5.7967e-01 +3.0300e-01 +1.6992e-01
178 0 +2.187599895e+01 -1.134001047e+00 -1.134001047e+00 +4.0205e-01 +3.8319e-01 +2.9486e-01
256 0 +1.837285397e+01 -4.637146033e+00 -4.637146033e+00 +1.1442e-02 -2.6753e+00 +1.2630e+00
258 0 +1.430897718e+01 -8.701022824e+00 -8.701022824e+00 +1.1442e-02 -2.8091e+00 +1.2630e+00
261 0 +1.341823931e+01 -9.591760688e+00 -9.591760688e+00 +1.1061e-02 -2.8240e+00 +1.3331e+00
262 0 +1.175273402e+01 -1.125726598e+01 -1.125726598e+01 +1.0870e-02 -2.8983e+00 +1.3682e+00
263 0 +1.065354117e+01 -1.235645883e+01 -1.235645883e+01 +1.0679e-02 -2.9726e+00 +1.2981e+00
264 0 +9.183496024e+00 -1.382650398e+01 -1.382650398e+01 +1.0298e-02 -3.1212e+00 +1.2840e+00
267 0 +8.974486440e+00 -1.403551356e+01 -1.403551356e+01 +9.8529e-03 -3.4532e+00 +1.2747e+00
269 0 +8.680012061e+00 -1.432998794e+01 -1.432998794e+01 +1.0764e-02 -3.1790e+00 +1.2006e+00
271 0 +8.264483758e+00 -1.474551624e+01 -1.474551624e+01 +9.7399e-03 -3.3811e+00 +1.2011e+00
274 0 +7.599951139e+00 -1.541004886e+01 -1.541004886e+01 +9.8152e-03 -3.4341e+00 +1.0467e+00
275 0 +7.305297357e+00 -1.570470264e+01 -1.570470264e+01 +9.7964e-03 -3.4246e+00 +9.3268e-01
277 0 +6.884328455e+00 -1.612567155e+01 -1.612567155e+01 +8.5902e-03 -3.5641e+00 +8.8371e-01
278 0 +6.624538131e+00 -1.638546187e+01 -1.638546187e+01 +8.1036e-03 -3.5257e+00 +7.5943e-01
279 0 +5.521770826e+00 -1.748822917e+01 -1.748822917e+01 +8.2645e-03 -3.7038e+00 +6.0700e-01
280 0 +4.812722164e+00 -1.819727784e+01 -1.819727784e+01 +7.8093e-03 -3.8002e+00 +3.3593e-01
286 0 +4.290088648e+00 -1.871991135e+01 -1.871991135e+01 +7.0638e-03 -3.9204e+00 +3.8078e-01
287 0 +3.920589545e+00 -1.908941045e+01 -1.908941045e+01 +6.1942e-03 -4.0744e+00 +2.5402e-01
289 0 +3.438455137e+00 -1.957154486e+01 -1.957154486e+01 +5.7832e-03 -4.1572e+00 -7.4780e-02
294 0 +3.334705569e+00 -1.967529443e+01 -1.967529443e+01 +4.9841e-03 -4.1878e+00 -8.2099e-02
298 0 +3.275147880e+00 -1.973485212e+01 -1.973485212e+01 +5.2443e-03 -4.2659e+00 -6.5330e-02
306 0 +3.226661929e+00 -1.978333807e+01 -1.978333807e+01 +4.8846e-03 -4.2917e+00 -1.3495e-01
344 0 +3.158392531e+00 -1.985160747e+01 -1.985160747e+01 -2.7547e-03 -4.3268e+00 -2.0097e-01
349 0 +3.076796538e+00 -1.993320346e+01 -1.993320346e+01 -1.4893e-02 -4.3759e+00 -2.7682e-01
352 0 +2.999046750e+00 -2.001095325e+01 -2.001095325e+01 -3.3052e-02 -4.4583e+00 -3.7464e-01
354 0 +2.925490318e+00 -2.008450968e+01 -2.008450968e+01 -4.9196e-02 -4.4847e+00 -4.5023e-01
355 0 +2.877710113e+00 -2.013228989e+01 -2.013228989e+01 -6.7228e-02 -4.5243e+00 -5.3322e-01
357 0 +2.746223418e+00 -2.026377658e+01 -2.026377658e+01 -8.3786e-02 -4.5262e+00 -5.3614e-01
361 0 +2.672848048e+00 -2.033715195e+01 -2.033715195e+01 -1.4656e-01 -4.6802e+00 -7.8514e-01
363 0 +2.567351866e+00 -2.044264813e+01 -2.044264813e+01 -1.5587e-01 -4.6250e+00 -7.6633e-01
364 0 +2.493824636e+00 -2.051617536e+01 -2.051617536e+01 -1.7919e-01 -4.6121e+00 -8.0167e-01
368 0 +2.427699951e+00 -2.058230005e+01 -2.058230005e+01 -1.8484e-01 -4.6544e+00 -7.9320e-01
370 0 +2.284714325e+00 -2.072528568e+01 -2.072528568e+01 -2.2259e-01 -4.5832e+00 -8.0316e-01
371 0 +2.226555735e+00 -2.078344426e+01 -2.078344426e+01 -2.4078e-01 -4.4958e+00 -7.4919e-01
372 0 +2.170277872e+00 -2.083972213e+01 -2.083972213e+01 -2.7069e-01 -4.6517e+00 -8.7760e-01
373 0 +2.095882679e+00 -2.091411732e+01 -2.091411732e+01 -3.1644e-01 -4.6716e+00 -9.1557e-01
375 0 +2.047431442e+00 -2.096256856e+01 -2.096256856e+01 -3.4697e-01 -4.4280e+00 -7.4086e-01
376 0 +2.030903579e+00 -2.097909642e+01 -2.097909642e+01 -4.4306e-01 -4.3530e+00 -7.9211e-01
378 0 +1.968772915e+00 -2.104122709e+01 -2.104122709e+01 -4.7337e-01 -4.3747e+00 -6.1338e-01
379 0 +1.911758495e+00 -2.109824150e+01 -2.109824150e+01 -6.2647e-01 -4.5911e+00 -1.1433e+00
382 0 +1.872768260e+00 -2.113723174e+01 -2.113723174e+01 -7.6495e-01 -4.4293e+00 -9.0141e-01
388 0 +1.840886064e+00 -2.116911394e+01 -2.116911394e+01 -7.0168e-01 -4.5114e+00 -1.0787e+00
395 0 +1.810718597e+00 -2.119928140e+01 -2.119928140e+01 -8.2420e-01 -4.5777e+00 -1.1980e+00
996 0 +1.662603875e+00 -2.134739612e+01 -2.134739612e+01 -1.8244e+00 -1.1904e+00 -2.3052e+00
999 0 +1.565792275e+00 -2.144420772e+01 -2.144420772e+01 -1.9449e+00 -1.4721e+00 -2.4793e+00
1001 0 +1.430012307e+00 -2.157998769e+01 -2.157998769e+01 -1.6818e+00 -1.4480e+00 -2.2189e+00
1007 0 +1.317066964e+00 -2.169293304e+01 -2.169293304e+01 -1.9086e+00 -1.4291e+00 -2.3647e+00
1011 0 +1.278769635e+00 -2.173123036e+01 -2.173123036e+01 -1.8094e+00 -1.3983e+00 -2.2555e+00
1017 0 +1.256892450e+00 -2.175310755e+01 -2.175310755e+01 -1.8893e+00 -1.4055e+00 -2.2836e+00
% f evaluations | g evaluations | best noise-free fitness - Fopt (-3.323700000000e+02) + sum g_i+ | measured fitness | best measured fitness or single-digit g-values | x1 | x2...
1 0 +2.784343541e+01 -3.045265646e+02 -3.045265646e+02 +0.0000e+00 +0.0000e+00 +0.0000e+00
4 0 +2.784027848e+01 -3.045297215e+02 -3.045297215e+02 +0.0000e+00 +0.0000e+00 +2.5000e-04
20 0 +2.750782674e+01 -3.048621733e+02 -3.048621733e+02 -1.0000e-02 -2.0000e-03 +8.2500e-03
26 0 +2.667976756e+01 -3.056902324e+02 -3.056902324e+02 -3.7000e-02 -6.0000e-03 +2.9000e-02
28 0 +2.610731130e+01 -3.062626887e+02 -3.062626887e+02 -5.8000e-02 -8.0000e-03 +4.3250e-02
30 0 +2.525788828e+01 -3.071121117e+02 -3.071121117e+02 -8.6500e-02 -1.4750e-02 +6.6250e-02
31 0 +2.501388913e+01 -3.073561109e+02 -3.073561109e+02 -9.6500e-02 -1.4917e-02 +7.3833e-02
32 0 +2.408834061e+01 -3.082816594e+02 -3.082816594e+02 -1.3250e-01 -2.0250e-02 +1.0150e-01
33 0 +2.372550006e+01 -3.086444999e+02 -3.086444999e+02 -1.4767e-01 -2.2667e-02 +1.1167e-01
34 0 +2.243756898e+01 -3.099324310e+02 -3.099324310e+02 -2.0300e-01 -3.1000e-02 +1.5300e-01
35 0 +2.193469738e+01 -3.104353026e+02 -3.104353026e+02 -2.2333e-01 -3.6000e-02 +1.7058e-01
36 0 +2.013594565e+01 -3.122340543e+02 -3.122340543e+02 -3.0600e-01 -5.0000e-02 +2.3425e-01
37 0 +1.946467131e+01 -3.129053287e+02 -3.129053287e+02 -3.4117e-01 -5.2750e-02 +2.5958e-01
38 0 +1.693644411e+01 -3.154335559e+02 -3.154335559e+02 -4.6850e-01 -7.1750e-02 +3.5625e-01
39 0 +1.594203251e+01 -3.164279675e+02 -3.164279675e+02 -5.1917e-01 -8.1583e-02 +3.9417e-01
40 0 +1.286448127e+01 -3.195055187e+02 -3.195055187e+02 -7.1250e-01 -1.1225e-01 +5.4050e-01
41 0 +1.197403436e+01 -3.203959656e+02 -3.203959656e+02 -7.8833e-01 -1.2500e-01 +6.0100e-01
42 0 +1.031289921e+01 -3.220571008e+02 -3.220571008e+02 -1.0810e+00 -1.7200e-01 +8.2500e-01
77 0 +1.023068577e+01 -3.221393142e+02 -3.221393142e+02 -1.1482e+00 -1.8343e-01 +8.7489e-01
93 0 +9.978317838e+00 -3.223916822e+02 -3.223916822e+02 -1.0977e+00 -1.9509e-01 +8.4943e-01
96 0 +9.736473492e+00 -3.226335265e+02 -3.226335265e+02 -1.1197e+00 -2.1451e-01 +8.7477e-01
98 0 +9.511391360e+00 -3.228586086e+02 -3.228586086e+02 -1.0935e+00 -2.3013e-01 +8.6958e-01
100 0 +9.266006367e+00 -3.231039936e+02 -3.231039936e+02 -1.0025e+00 -2.4943e-01 +8.2033e-01
101 0 +9.109914319e+00 -3.232600857e+02 -3.232600857e+02 -1.0712e+00 -2.6366e-01 +8.7433e-01
102 0 +8.794872428e+00 -3.235751276e+02 -3.235751276e+02 -1.0706e+00 -2.9596e-01 +8.9377e-01
104 0 +8.441758015e+00 -3.239282420e+02 -3.239282420e+02 -9.2719e-01 -3.4650e-01 +8.3413e-01
106 0 +8.100741501e+00 -3.242692585e+02 -3.242692585e+02 -8.1334e-01 -4.3163e-01 +8.0907e-01
107 0 +7.781732606e+00 -3.245882674e+02 -3.245882674e+02 -8.7164e-01 -4.6664e-01 +8.7098e-01
108 0 +7.404547049e+00 -3.249654530e+02 -3.249654530e+02 -8.0623e-01 -5.7525e-01 +8.9631e-01
114 0 +7.077478134e+00 -3.252925219e+02 -3.252925219e+02 -8.2531e-01 -6.4986e-01 +9.5080e-01
116 0 +6.652881198e+00 -3.257171188e+02 -3.257171188e+02 -9.4713e-01 -7.1022e-01 +1.0703e+00
120 0 +6.494035138e+00 -3.258759649e+02 -3.258759649e+02 -1.0588e+00 -8.6555e-01 +1.2372e+00
129 0 +6.427587101e+00 -3.259424129e+02 -3.259424129e+02 -9.4462e-01 -8.8815e-01 +1.1782e+00
176 0 +6.302560536e+00 -3.260674395e+02 -3.260674395e+02 -9.7760e-01 -8.7697e-01 +1.2119e+00
180 0 +6.151754516e+00 -3.262182455e+02 -3.262182455e+02 -9.5414e-01 -8.8540e-01 +1.2258e+00
182 0 +6.023732293e+00 -3.263462677e+02 -3.263462677e+02 -9.5512e-01 -9.2446e-01 +1.2740e+00
184 0 +5.790408509e+00 -3.265795915e+02 -3.265795915e+02 -9.3746e-01 -9.2057e-01 +1.2958e+00
185 0 +5.550396360e+00 -3.268196036e+02 -3.268196036e+02 -9.2006e-01 -9.3249e-01 +1.3302e+00
187 0 +5.220890289e+00 -3.271491097e+02 -3.271491097e+02 -8.2693e-01 -1.0704e+00 +1.4182e+00
188 0 +5.072377883e+00 -3.272976221e+02 -3.272976221e+02 -8.6422e-01 -1.0754e+00 +1.4742e+00
189 0 +4.719810455e+00 -3.276501895e+02 -3.276501895e+02 -8.3046e-01 -1.1624e+00 +1.5936e+00
190 0 +4.346350224e+00 -3.280236498e+02 -3.280236498e+02 -7.7136e-01 -1.1482e+00 +1.5782e+00
191 0 +3.751079628e+00 -3.286189204e+02 -3.286189204e+02 -6.8358e-01 -1.2412e+00 +1.7091e+00
193 0 +3.643350088e+00 -3.287266499e+02 -3.287266499e+02 -6.0948e-01 -1.4544e+00 +1.9949e+00
195 0 +3.311622061e+00 -3.290583779e+02 -3.290583779e+02 -4.5863e-01 -1.5570e+00 +2.0871e+00
197 0 +3.085388331e+00 -3.292846117e+02 -3.292846117e+02 -5.2721e-01 -1.4516e+00 +2.0437e+00
198 0 +2.907499032e+00 -3.294625010e+02 -3.294625010e+02 -4.7053e-01 -1.4856e+00 +2.1571e+00
201 0 +2.763465750e+00 -3.296065342e+02 -3.296065342e+02 -4.3598e-01 -1.4351e+00 +2.0246e+00
206 0 +2.584132064e+00 -3.297858679e+02 -3.297858679e+02 -3.4736e-01 -1.4165e+00 +2.1098e+00
207 0 +2.567045959e+00 -3.298029540e+02 -3.298029540e+02 -2.8578e-01 -1.3820e+00 +2.0862e+00
215 0 +2.474976449e+00 -3.298950236e+02 -3.298950236e+02 -1.4105e-01 -1.5386e+00 +2.2036e+00
354 0 +2.211484585e+00 -3.301585154e+02 -3.301585154e+02 +2.9534e-01 -2.4198e+00 -3.7714e+00
355 0 +2.046475265e+00 -3.303235247e+02 -3.303235247e+02 +3.1929e-01 -2.1660e+00 -3.7530e+00
356 0 +1.932976276e+00 -3.304370237e+02 -3.304370237e+02 +1.8133e-01 -2.6749e+00 -4.1509e+00
362 0 +1.625247269e+00 -3.307447527e+02 -3.307447527e+02 +2.2503e-01 -3.2747e+00 -4.2296e+00
364 0 +1.116716233e+00 -3.312532838e+02 -3.312532838e+02 +3.9026e-02 -3.8406e+00 -4.7267e+00
365 0 +9.383245429e-01 -3.314316755e+02 -3.314316755e+02 -9.1414e-03 -4.3264e+00 -4.9985e+00
393 0 +9.305820803e-01 -3.314394179e+02 -3.314394179e+02 +2.7427e-03 -4.3315e+00 -4.9753e+00
906 0 +4.661020224e-01 -3.319038980e+02 -3.319038980e+02 +1.1461e+00 -3.0002e+00 +2.4381e-01
924 0 +4.502936590e-01 -3.319197063e+02 -3.319197063e+02 +1.1099e+00 -2.9941e+00 +2.5774e-01
925 0 +4.415257269e-01 -3.319284743e+02 -3.319284743e+02 +1.0918e+00 -2.9910e+00 +2.6471e-01
929 0 +4.171857748e-01 -3.319528142e+02 -3.319528142e+02 +1.0921e+00 -3.0185e+00 +2.7864e-01
930 0 +3.960840527e-01 -3.319739159e+02 -3.319739159e+02 +1.0454e+00 -3.0262e+00 +2.9289e-01
932 0 +3.733598582e-01 -3.319966401e+02 -3.319966401e+02 +1.1136e+00 -3.0125e+00 +2.9788e-01
933 0 +3.357838960e-01 -3.320342161e+02 -3.320342161e+02 +1.1245e+00 -3.0233e+00 +3.1446e-01
934 0 +3.158516964e-01 -3.320541483e+02 -3.320541483e+02 +9.7845e-01 -3.0132e+00 +3.2991e-01
935 0 +2.731393868e-01 -3.320968606e+02 -3.320968606e+02 +8.7471e-01 -3.0180e+00 +3.6217e-01
936 0 +2.666706675e-01 -3.321033293e+02 -3.321033293e+02 +9.5299e-01 -3.0694e+00 +3.6076e-01
937 0 +2.489000691e-01 -3.321210999e+02 -3.321210999e+02 +8.9113e-01 -3.1163e+00 +3.9833e-01
938 0 +1.648752744e-01 -3.322051247e+02 -3.322051247e+02 +8.8147e-01 -3.0789e+00 +4.2375e-01
939 0 +1.287108593e-01 -3.322412891e+02 -3.322412891e+02 +7.9950e-01 -3.1053e+00 +4.8919e-01
942 0 +1.028600295e-01 -3.322671400e+02 -3.322671400e+02 +4.6097e-01 -3.1920e+00 +6.5709e-01
943 0 +7.753011301e-02 -3.322924699e+02 -3.322924699e+02 +2.4589e-01 -3.2298e+00 +7.8647e-01
944 0 +4.966949695e-02 -3.323203305e+02 -3.323203305e+02 +5.3976e-01 -3.2341e+00 +7.1530e-01
945 0 +2.158667680e-02 -3.323484133e+02 -3.323484133e+02 +5.1675e-01 -3.2829e+00 +8.1361e-01
946 0 +1.474585546e-02 -3.323552541e+02 -3.323552541e+02 +3.9854e-01 -3.1913e+00 +8.1756e-01
947 0 +6.384711821e-03 -3.323636153e+02 -3.323636153e+02 +2.7636e-01 -3.1766e+00 +9.3869e-01
949 0 +2.410078667e-05 -3.323699759e+02 -3.323699759e+02 +2.1163e-01 -3.3127e+00 +1.1840e+00
962 0 +1.913542803e-06 -3.323699981e+02 -3.323699981e+02 +2.7391e-01 -3.3357e+00 +1.1695e+00
968 0 +4.966706797e-07 -3.323699995e+02 -3.323699995e+02 +2.1241e-01 -3.3369e+00 +1.1815e+00
975 0 +7.498778132e-08 -3.323699999e+02 -3.323699999e+02 +2.6395e-01 -3.3308e+00 +1.1582e+00
977 0 +1.513978987e-08 -3.323700000e+02 -3.323700000e+02 +2.6184e-01 -3.3221e+00 +1.1410e+00
981 0 +1.494635171e-08 -3.323700000e+02 -3.323700000e+02 +2.3742e-01 -3.3322e+00 +1.1652e+00
983 0 +9.547193258e-09 -3.323700000e+02 -3.323700000e+02 +2.5877e-01 -3.3293e+00 +1.1547e+00
1014 0 +0.000000000e+00 -3.323700000e+02 -3.323700000e+02 +2.5054e-01 -3.3262e+00 +1.1540e+00
% f evaluations | g evaluations | best noise-free fitness - Fopt (-1.231300000000e+02) + sum g_i+ | measured fitness | best measured fitness or single-digit g-values | x1 | x2...
1 0 +1.918447971e+01 -1.039455203e+02 -1.039455203e+02 +0.0000e+00 +0.0000e+00 +0.0000e+00
2 0 +1.918110105e+01 -1.039488990e+02 -1.039488990e+02 +2.5000e-04 +0.0000e+00 +0.0000e+00
14 0 +1.900965489e+01 -1.041203451e+02 -1.041203451e+02 +5.8333e-04 -3.1667e-03 +2.2500e-03
20 0 +1.858625265e+01 -1.045437474e+02 -1.045437474e+02 +2.6667e-03 -1.1000e-02 +6.5833e-03
24 0 +1.789983819e+01 -1.052301618e+02 -1.052301618e+02 +6.7500e-03 -2.3500e-02 +1.3500e-02
25 0 +1.770575831e+01 -1.054242417e+02 -1.054242417e+02 +7.5556e-03 -2.7222e-02 +1.5222e-02
26 0 +1.714148518e+01 -1.059885148e+02 -1.059885148e+02 +1.0333e-02 -3.7667e-02 +2.1000e-02
28 0 +1.620008310e+01 -1.069299169e+02 -1.069299169e+02 +1.6667e-02 -5.5000e-02 +2.9583e-02
29 0 +1.584434371e+01 -1.072856563e+02 -1.072856563e+02 +1.7583e-02 -6.1611e-02 +3.4472e-02
30 0 +1.464739631e+01 -1.084826037e+02 -1.084826037e+02 +2.3917e-02 -8.4500e-02 +4.7583e-02
31 0 +1.414791116e+01 -1.089820888e+02 -1.089820888e+02 +2.7194e-02 -9.4611e-02 +5.1944e-02
32 0 +1.250241717e+01 -1.106275828e+02 -1.106275828e+02 +3.7417e-02 -1.3017e-01 +7.1167e-02
33 0 +1.199764555e+01 -1.111323544e+02 -1.111323544e+02 +4.1667e-02 -1.4211e-01 +7.7889e-02
34 0 +1.023943312e+01 -1.128905669e+02 -1.128905669e+02 +5.7333e-02 -1.9433e-01 +1.0633e-01
35 0 +9.672223382e+00 -1.134577766e+02 -1.134577766e+02 +6.2444e-02 -2.1767e-01 +1.2047e-01
36 0 +8.428439827e+00 -1.147015602e+02 -1.147015602e+02 +8.5333e-02 -2.9900e-01 +1.6592e-01
37 0 +8.145951308e+00 -1.149840487e+02 -1.149840487e+02 +9.6139e-02 -3.3117e-01 +1.8136e-01
38 0 +7.739264050e+00 -1.153907359e+02 -1.153907359e+02 +1.3225e-01 -4.5450e-01 +2.4825e-01
76 0 +7.559622304e+00 -1.155703777e+02 -1.155703777e+02 +1.4574e-01 -4.2340e-01 +1.9092e-01
80 0 +7.403677483e+00 -1.157263225e+02 -1.157263225e+02 +1.6378e-01 -4.3170e-01 +1.6674e-01
83 0 +7.112125694e+00 -1.160178743e+02 -1.160178743e+02 +1.9944e-01 -4.7373e-01 +1.4861e-01
84 0 +6.880108780e+00 -1.162498912e+02 -1.162498912e+02 +2.2629e-01 -4.9889e-01 +1.2745e-01
86 0 +6.429172219e+00 -1.167008278e+02 -1.167008278e+02 +2.5933e-01 -4.7337e-01 +4.2899e-02
88 0 +5.813416332e+00 -1.173165837e+02 -1.173165837e+02 +3.0466e-01 -4.8803e-01 -2.5688e-02
89 0 +5.138725662e+00 -1.179912743e+02 -1.179912743e+02 +3.4971e-01 -5.4252e-01 -4.5780e-02
90 0 +3.838592835e+00 -1.192914072e+02 -1.192914072e+02 +4.3600e-01 -5.9828e-01 -1.3978e-01
91 0 +3.793437065e+00 -1.193365629e+02 -1.193365629e+02 +4.4037e-01 -5.4089e-01 -2.0916e-01
92 0 +2.769355950e+00 -1.203606440e+02 -1.203606440e+02 +5.4741e-01 -5.6189e-01 -3.7747e-01
93 0 +2.249127268e+00 -1.208808727e+02 -1.208808727e+02 +5.9938e-01 -6.2543e-01 -4.0486e-01
94 0 +1.930268325e+00 -1.211997317e+02 -1.211997317e+02 +7.6940e-01 -7.0146e-01 -6.2873e-01
95 0 +1.489711492e+00 -1.216402885e+02 -1.216402885e+02 +8.6388e-01 -7.5306e-01 -7.3830e-01
96 0 +4.965953527e-01 -1.226334046e+02 -1.226334046e+02 +1.1435e+00 -8.8558e-01 -1.0946e+00
98 0 +1.492294614e-01 -1.229807705e+02 -1.229807705e+02 +1.5307e+00 -1.0524e+00 -1.6119e+00
99 0 +1.310346615e-01 -1.229989653e+02 -1.229989653e+02 +2.0223e+00 -1.2976e+00 -2.2292e+00
103 0 +1.069931656e-01 -1.230230068e+02 -1.230230068e+02 +1.6554e+00 -1.1265e+00 -1.7523e+00
104 0 +4.067898271e-02 -1.230893210e+02 -1.230893210e+02 +1.8649e+00 -1.3023e+00 -1.9424e+00
138 0 +3.972370624e-02 -1.230902763e+02 -1.230902763e+02 +1.8268e+00 -1.2877e+00 -1.8854e+00
154 0 +3.890203574e-02 -1.230910980e+02 -1.230910980e+02 +1.8204e+00 -1.2808e+00 -1.8759e+00
156 0 +3.794668771e-02 -1.230920533e+02 -1.230920533e+02 +1.8262e+00 -1.2861e+00 -1.8740e+00
160 0 +3.618983583e-02 -1.230938102e+02 -1.230938102e+02 +1.8335e+00 -1.2822e+00 -1.8825e+00
161 0 +3.481789530e-02 -1.230951821e+02 -1.230951821e+02 +1.8400e+00 -1.2829e+00 -1.8859e+00
163 0 +3.457142304e-02 -1.230954286e+02 -1.230954286e+02 +1.8729e+00 -1.2971e+00 -1.9286e+00
165 0 +3.137108889e-02 -1.230986289e+02 -1.230986289e+02 +1.8755e+00 -1.2892e+00 -1.9235e+00
166 0 +2.843704654e-02 -1.231015630e+02 -1.231015630e+02 +1.8903e+00 -1.2887e+00 -1.9332e+00
169 0 +2.333074595e-02 -1.231066693e+02 -1.231066693e+02 +1.9486e+00 -1.3081e+00 -1.9806e+00
170 0 +1.931647860e-02 -1.231106835e+02 -1.231106835e+02 +1.9705e+00 -1.3064e+00 -1.9893e+00
172 0 +1.879266464e-02 -1.231112073e+02 -1.231112073e+02 +1.9152e+00 -1.2704e+00 -1.9279e+00
173 0 +1.718252431e-02 -1.231128175e+02 -1.231128175e+02 +1.8878e+00 -1.2422e+00 -1.8820e+00
174 0 +1.431466700e-02 -1.231156853e+02 -1.231156853e+02 +1.9934e+00 -1.2774e+00 -1.9805e+00
175 0 +1.065644104e-02 -1.231193436e+02 -1.231193436e+02 +2.0450e+00 -1.2717e+00 -2.0041e+00
177 0 +8.601161986e-03 -1.231213988e+02 -1.231213988e+02 +1.9635e+00 -1.2005e+00 -1.8799e+00
178 0 +8.227535161e-03 -1.231217725e+02 -1.231217725e+02 +1.9601e+00 -1.1475e+00 -1.8252e+00
179 0 +3.372171678e-03 -1.231266278e+02 -1.231266278e+02 +2.0944e+00 -1.2015e+00 -1.9494e+00
180 0 +1.264241223e-03 -1.231287358e+02 -1.231287358e+02 +2.1976e+00 -1.1812e+00 -1.9831e+00
187 0 +1.158852006e-03 -1.231288411e+02 -1.231288411e+02 +2.3949e+00 -1.2266e+00 -2.1343e+00
189 0 +1.014667471e-03 -1.231289853e+02 -1.231289853e+02 +2.3067e+00 -1.2491e+00 -2.1080e+00
191 0 +6.446875837e-04 -1.231293553e+02 -1.231293553e+02 +2.2655e+00 -1.2179e+00 -2.0399e+00
192 0 +3.160760553e-04 -1.231296839e+02 -1.231296839e+02 +2.2312e+00 -1.2169e+00 -2.0047e+00
195 0 +2.316725355e-04 -1.231297683e+02 -1.231297683e+02 +2.2945e+00 -1.2632e+00 -2.0575e+00
196 0 +2.157920698e-04 -1.231297842e+02 -1.231297842e+02 +2.2884e+00 -1.2702e+00 -2.0322e+00
199 0 +4.109709691e-05 -1.231299589e+02 -1.231299589e+02 +2.2139e+00 -1.2128e+00 -1.9351e+00
201 0 +1.851840300e-05 -1.231299815e+02 -1.231299815e+02 +2.3180e+00 -1.2278e+00 -2.0227e+00
204 0 +1.193505966e-06 -1.231299988e+02 -1.231299988e+02 +2.2767e+00 -1.1949e+00 -1.9322e+00
212 0 +4.456687890e-07 -1.231299996e+02 -1.231299996e+02 +2.3393e+00 -1.2043e+00 -1.9871e+00
214 0 +1.745449367e-07 -1.231299998e+02 -1.231299998e+02 +2.3443e+00 -1.2163e+00 -1.9958e+00
216 0 +8.606120616e-08 -1.231299999e+02 -1.231299999e+02 +2.3185e+00 -1.2141e+00 -1.9854e+00
218 0 +1.226617030e-08 -1.231300000e+02 -1.231300000e+02 +2.3053e+00 -1.2032e+00 -1.9608e+00
223 0 +2.884092964e-09 -1.231300000e+02 -1.231300000e+02 +2.3137e+00 -1.2068e+00 -1.9635e+00
256 0 +0.000000000e+00 -1.231300000e+02 -1.231300000e+02 +2.3185e+00 -1.2082e+00 -1.9712e+00
% f evaluations | g evaluations | best noise-free fitness - Fopt (-1.537900000000e+02) + sum g_i+ | measured fitness | best measured fitness or single-digit g-values | x1 | x2...
1 0 +8.666945142e+00 -1.451230549e+02 -1.451230549e+02 +0.0000e+00 +0.0000e+00 +0.0000e+00
4 0 +8.664818392e+00 -1.451251816e+02 -1.451251816e+02 +0.0000e+00 +0.0000e+00 +2.5000e-04
18 0 +8.507654016e+00 -1.452823460e+02 -1.452823460e+02 +9.1667e-04 -6.3333e-03 +3.6667e-03
22 0 +8.299452943e+00 -1.454905471e+02 -1.454905471e+02 +2.9167e-03 -1.5833e-02 +8.2500e-03
25 0 +8.060700924e+00 -1.457292991e+02 -1.457292991e+02 +4.6944e-03 -2.7222e-02 +1.5222e-02
26 0 +7.864647413e+00 -1.459253526e+02 -1.459253526e+02 +6.5833e-03 -3.7667e-02 +2.1000e-02
28 0 +7.560098626e+00 -1.462299014e+02 -1.462299014e+02 +9.0000e-03 -5.5000e-02 +2.9583e-02
30 0 +7.016420222e+00 -1.467735798e+02 -1.467735798e+02 +1.3250e-02 -8.4500e-02 +4.7583e-02
31 0 +6.838366519e+00 -1.469516335e+02 -1.469516335e+02 +1.5722e-02 -9.4611e-02 +5.1944e-02
32 0 +6.136744772e+00 -1.476532552e+02 -1.476532552e+02 +2.1833e-02 -1.3017e-01 +7.1167e-02
33 0 +5.890402679e+00 -1.478995973e+02 -1.478995973e+02 +2.2806e-02 -1.4211e-01 +7.7889e-02
34 0 +5.008058085e+00 -1.487819419e+02 -1.487819419e+02 +3.0917e-02 -1.9433e-01 +1.0633e-01
35 0 +4.740921778e+00 -1.490490782e+02 -1.490490782e+02 +3.5000e-02 -2.1767e-01 +1.2047e-01
36 0 +4.605309953e+00 -1.491846900e+02 -1.491846900e+02 +4.8000e-02 -2.9900e-01 +1.6592e-01
43 0 +4.564373229e+00 -1.492256268e+02 -1.492256268e+02 +3.9840e-02 -2.4560e-01 +1.3507e-01
97 0 +4.455966031e+00 -1.493340340e+02 -1.493340340e+02 +3.9343e-02 -2.6427e-01 +1.5532e-01
104 0 +4.360500195e+00 -1.494294998e+02 -1.494294998e+02 +3.4461e-02 -2.7808e-01 +1.8336e-01
107 0 +4.242086629e+00 -1.495479134e+02 -1.495479134e+02 +2.5510e-02 -2.8192e-01 +2.1347e-01
109 0 +4.141125679e+00 -1.496488743e+02 -1.496488743e+02 +1.8039e-02 -2.7992e-01 +2.3252e-01
112 0 +4.015401083e+00 -1.497745989e+02 -1.497745989e+02 -4.7029e-03 -2.9120e-01 +3.1023e-01
114 0 +3.935474076e+00 -1.498545259e+02 -1.498545259e+02 +7.2719e-03 -2.5441e-01 +2.3824e-01
115 0 +3.761085159e+00 -1.500289148e+02 -1.500289148e+02 -1.1771e-02 -2.6844e-01 +3.0719e-01
116 0 +3.561569168e+00 -1.502284308e+02 -1.502284308e+02 -3.0412e-02 -2.6170e-01 +3.5405e-01
117 0 +3.491079151e+00 -1.502989208e+02 -1.502989208e+02 -3.6601e-02 -2.5829e-01 +3.6916e-01
118 0 +3.248893126e+00 -1.505411069e+02 -1.505411069e+02 -6.3921e-02 -2.4747e-01 +4.3748e-01
119 0 +3.154839886e+00 -1.506351601e+02 -1.506351601e+02 -5.3338e-02 -2.1786e-01 +3.7629e-01
120 0 +2.900754164e+00 -1.508892458e+02 -1.508892458e+02 -7.7655e-02 -1.8118e-01 +4.0932e-01
121 0 +2.718090635e+00 -1.510719094e+02 -1.510719094e+02 -1.2193e-01 -2.0582e-01 +5.6232e-01
122 0 +2.502792161e+00 -1.512872078e+02 -1.512872078e+02 -1.8653e-01 -1.8153e-01 +7.2437e-01
123 0 +2.287685369e+00 -1.515023146e+02 -1.515023146e+02 -1.8833e-01 -1.4509e-01 +6.9339e-01
124 0 +2.094026437e+00 -1.516959736e+02 -1.516959736e+02 -2.6729e-01 -8.6783e-02 +8.6305e-01
125 0 +2.049719421e+00 -1.517402806e+02 -1.517402806e+02 -2.9039e-01 -5.2192e-02 +8.9368e-01
126 0 +1.976097729e+00 -1.518139023e+02 -1.518139023e+02 -4.0363e-01 +4.5448e-02 +1.1218e+00
128 0 +1.883871500e+00 -1.519061285e+02 -1.519061285e+02 -5.9006e-01 +1.7571e-01 +1.5301e+00
206 0 +1.861923251e+00 -1.519280767e+02 -1.519280767e+02 -5.9413e-01 +1.9945e-01 +1.5371e+00
224 0 +1.812459395e+00 -1.519775406e+02 -1.519775406e+02 -5.7680e-01 +2.1957e-01 +1.6028e+00
227 0 +1.775154431e+00 -1.520148456e+02 -1.520148456e+02 -5.6498e-01 +2.4143e-01 +1.6488e+00
229 0 +1.727733421e+00 -1.520622666e+02 -1.520622666e+02 -5.4409e-01 +2.5383e-01 +1.7066e+00
230 0 +1.682105643e+00 -1.521078944e+02 -1.521078944e+02 -5.3065e-01 +2.7538e-01 +1.7795e+00
232 0 +1.636851459e+00 -1.521531485e+02 -1.521531485e+02 -4.7284e-01 +3.1352e-01 +1.8724e+00
234 0 +1.609011891e+00 -1.521809881e+02 -1.521809881e+02 -4.4814e-01 +3.6621e-01 +2.0492e+00
240 0 +1.582176026e+00 -1.522078240e+02 -1.522078240e+02 -4.3282e-01 +3.4618e-01 +2.0503e+00
% f evaluations | g evaluations | best noise-free fitness - Fopt (-4.860000000000e+01) + sum g_i+ | measured fitness | best measured fitness or single-digit g-values | x1 | x2...
1 0 +2.794335525e+01 -2.065664475e+01 -2.065664475e+01 +0.0000e+00 +0.0000e+00 +0.0000e+00
3 0 +2.793608215e+01 -2.066391785e+01 -2.066391785e+01 +0.0000e+00 +2.5000e-04 +0.0000e+00
23 0 +2.749249998e+01 -2.110750002e+01 -2.110750002e+01 -8.9167e-03 +1.3611e-02 +1.6111e-03
28 0 +2.657945137e+01 -2.202054863e+01 -2.202054863e+01 -2.9000e-02 +4.2250e-02 +5.3333e-03
30 0 +2.591264243e+01 -2.268735757e+01 -2.268735757e+01 -4.3250e-02 +6.5083e-02 +6.0833e-03
32 0 +2.500496400e+01 -2.359503600e+01 -2.359503600e+01 -6.6250e-02 +9.7167e-02 +9.1667e-03
34 0 +2.365147365e+01 -2.494852635e+01 -2.494852635e+01 -1.0150e-01 +1.4950e-01 +1.6417e-02
35 0 +2.327565475e+01 -2.532434525e+01 -2.532434525e+01 -1.1167e-01 +1.6558e-01 +1.5778e-02
36 0 +2.188041219e+01 -2.671958781e+01 -2.671958781e+01 -1.5300e-01 +2.2725e-01 +2.1000e-02
37 0 +2.135809630e+01 -2.724190370e+01 -2.724190370e+01 -1.7058e-01 +2.5086e-01 +2.4972e-02
38 0 +1.947389360e+01 -2.912610640e+01 -2.912610640e+01 -2.3425e-01 +3.4375e-01 +3.4417e-02
39 0 +1.873303934e+01 -2.986696066e+01 -2.986696066e+01 -2.5958e-01 +3.8317e-01 +3.8722e-02
40 0 +1.627627589e+01 -3.232372411e+01 -3.232372411e+01 -3.5625e-01 +5.2617e-01 +5.3500e-02
41 0 +1.293003679e+01 -3.566996321e+01 -3.566996321e+01 -3.9417e-01 +5.8194e-01 +5.6194e-02
42 0 +7.738121955e+00 -4.086187805e+01 -4.086187805e+01 -5.4050e-01 +7.9817e-01 +7.6083e-02
219 0 +4.676078140e+00 -4.392392186e+01 -4.392392186e+01 -1.7352e+00 -2.7215e+00 -6.2441e-01
220 0 +3.510824738e+00 -4.508917526e+01 -4.508917526e+01 -1.8220e+00 -2.7215e+00 -6.2441e-01
223 0 +3.267433521e+00 -4.533256648e+01 -4.533256648e+01 -1.7931e+00 -2.8123e+00 -6.4522e-01
224 0 +2.863873636e+00 -4.573612636e+01 -4.573612636e+01 -1.8220e+00 -2.8576e+00 -6.5563e-01
225 0 +2.669921873e+00 -4.593007813e+01 -4.593007813e+01 -1.8509e+00 -2.9030e+00 -6.1400e-01
226 0 +2.542652316e+00 -4.605734768e+01 -4.605734768e+01 -1.9087e+00 -2.9937e+00 -5.9319e-01
227 0 +2.232584176e+00 -4.636741582e+01 -4.636741582e+01 -1.9666e+00 -2.8576e+00 -6.2441e-01
228 0 +2.074103880e+00 -4.652589612e+01 -4.652589612e+01 -2.0823e+00 -2.8576e+00 -6.2441e-01
233 0 +2.015121476e+00 -4.658487852e+01 -4.658487852e+01 -2.2461e+00 -2.8425e+00 -6.1053e-01
234 0 +1.973249137e+00 -4.662675086e+01 -4.662675086e+01 -2.3425e+00 -2.7215e+00 -6.0359e-01
236 0 +1.924418755e+00 -4.667558124e+01 -4.667558124e+01 -2.2558e+00 -2.5099e+00 -6.1631e-01
237 0 +1.467369910e+00 -4.713263009e+01 -4.713263009e+01 -2.2558e+00 -2.2679e+00 -6.0706e-01
251 0 +1.309851342e+00 -4.729014866e+01 -4.729014866e+01 -2.2654e+00 -2.3045e+00 -5.8923e-01
252 0 +8.534440667e-01 -4.774655593e+01 -4.774655593e+01 -2.2485e+00 -2.2207e+00 -5.6991e-01
254 0 +5.582954594e-01 -4.804170454e+01 -4.804170454e+01 -2.1987e+00 -1.9897e+00 -5.6349e-01
255 0 +4.840730111e-01 -4.811592699e+01 -4.811592699e+01 -2.1521e+00 -1.7835e+00 -5.3860e-01
256 0 +4.639317159e-01 -4.813606828e+01 -4.813606828e+01 -2.1658e+00 -1.8009e+00 -5.2406e-01
257 0 +2.212025114e-01 -4.837879749e+01 -4.837879749e+01 -2.1208e+00 -1.5674e+00 -4.8257e-01
258 0 +1.664086862e-01 -4.843359131e+01 -4.843359131e+01 -2.1160e+00 -1.6153e+00 -4.7254e-01
259 0 +7.824923403e-02 -4.852175077e+01 -4.852175077e+01 -2.0582e+00 -1.3734e+00 -4.1473e-01
264 0 +2.754357687e-02 -4.857245642e+01 -4.857245642e+01 -1.9850e+00 -1.0279e+00 -3.1347e-01
265 0 +1.169850512e-02 -4.858830149e+01 -4.858830149e+01 -1.9915e+00 -1.0775e+00 -2.7653e-01
268 0 +2.100590358e-03 -4.859789941e+01 -4.859789941e+01 -2.0700e+00 -1.4581e+00 -2.5837e-01
273 0 +9.139115206e-04 -4.859908609e+01 -4.859908609e+01 -2.0361e+00 -1.2911e+00 -1.8069e-01
281 0 +8.689714061e-04 -4.859913103e+01 -4.859913103e+01 -2.0485e+00 -1.3550e+00 -2.2938e-01
285 0 +8.224305387e-04 -4.859917757e+01 -4.859917757e+01 -2.0587e+00 -1.3825e+00 -2.2470e-01
288 0 +7.942213699e-04 -4.859920578e+01 -4.859920578e+01 -2.0406e+00 -1.3099e+00 -2.0297e-01
291 0 +7.208539848e-04 -4.859927915e+01 -4.859927915e+01 -2.0434e+00 -1.3058e+00 -2.0264e-01
296 0 +6.436209603e-04 -4.859935638e+01 -4.859935638e+01 -2.0613e+00 -1.3749e+00 -2.0753e-01
299 0 +6.025726361e-04 -4.859939743e+01 -4.859939743e+01 -2.0493e+00 -1.3148e+00 -2.0403e-01
300 0 +6.015963360e-04 -4.859939840e+01 -4.859939840e+01 -2.0475e+00 -1.2947e+00 -1.9942e-01
301 0 +5.215010638e-04 -4.859947850e+01 -4.859947850e+01 -2.0614e+00 -1.3566e+00 -2.1250e-01
303 0 +3.995425553e-04 -4.859960046e+01 -4.859960046e+01 -2.0710e+00 -1.3772e+00 -2.0048e-01
304 0 +3.633339689e-04 -4.859963667e+01 -4.859963667e+01 -2.0823e+00 -1.4039e+00 -1.9284e-01
305 0 +2.779280458e-04 -4.859972207e+01 -4.859972207e+01 -2.0722e+00 -1.3455e+00 -1.9893e-01
306 0 +2.326718513e-04 -4.859976733e+01 -4.859976733e+01 -2.0777e+00 -1.3307e+00 -1.9463e-01
308 0 +1.484718718e-04 -4.859985153e+01 -4.859985153e+01 -2.1070e+00 -1.4076e+00 -1.7679e-01
309 0 +1.129943512e-04 -4.859988701e+01 -4.859988701e+01 -2.1253e+00 -1.4204e+00 -1.5646e-01
310 0 +4.292506866e-05 -4.859995707e+01 -4.859995707e+01 -2.1237e+00 -1.3966e+00 -1.7712e-01
311 0 +1.671967858e-05 -4.859998328e+01 -4.859998328e+01 -2.1444e+00 -1.3930e+00 -1.6927e-01
315 0 +5.646709269e-07 -4.859999944e+01 -4.859999944e+01 -2.2136e+00 -1.4493e+00 -1.3528e-01
322 0 +5.015946130e-07 -4.859999950e+01 -4.859999950e+01 -2.2174e+00 -1.4753e+00 -1.2305e-01
323 0 +2.525883076e-07 -4.859999975e+01 -4.859999975e+01 -2.2261e+00 -1.4990e+00 -1.3554e-01
326 0 +3.038525875e-08 -4.859999997e+01 -4.859999997e+01 -2.2008e+00 -1.4703e+00 -1.3867e-01
328 0 +2.868396365e-08 -4.859999997e+01 -4.859999997e+01 -2.2142e+00 -1.4654e+00 -1.3385e-01
332 0 +2.161269919e-08 -4.859999998e+01 -4.859999998e+01 -2.2181e+00 -1.4849e+00 -1.3478e-01
333 0 +6.452239631e-09 -4.859999999e+01 -4.859999999e+01 -2.2065e+00 -1.4703e+00 -1.4200e-01
369 0 +0.000000000e+00 -4.860000000e+01 -4.860000000e+01 -2.2059e+00 -1.4667e+00 -1.3826e-01
% f evaluations | g evaluations | best noise-free fitness - Fopt (2.770000000000e+01) + sum g_i+ | measured fitness | best measured fitness or single-digit g-values | x1 | x2...
1 0 +4.814757161e+01 +7.584757161e+01 +7.584757161e+01 +0.0000e+00 +0.0000e+00 +0.0000e+00
2 0 +4.814113556e+01 +7.584113556e+01 +7.584113556e+01 +2.5000e-04 +0.0000e+00 +0.0000e+00
18 0 +4.779837192e+01 +7.549837192e+01 +7.549837192e+01 +2.0000e-03 +3.6667e-03 -6.3333e-03
25 0 +4.668550075e+01 +7.438550075e+01 +7.438550075e+01 +7.5556e-03 +1.5222e-02 -2.7222e-02
28 0 +4.518610320e+01 +7.288610320e+01 +7.288610320e+01 +1.6667e-02 +2.9583e-02 -5.5000e-02
30 0 +4.358667191e+01 +7.128667191e+01 +7.128667191e+01 +2.3917e-02 +4.7583e-02 -8.4500e-02
32 0 +4.121413755e+01 +6.891413755e+01 +6.891413755e+01 +3.7417e-02 +7.1167e-02 -1.3017e-01
33 0 +4.057254119e+01 +6.827254119e+01 +6.827254119e+01 +4.1667e-02 +7.7889e-02 -1.4211e-01
34 0 +3.796004158e+01 +6.566004158e+01 +6.566004158e+01 +5.7333e-02 +1.0633e-01 -1.9433e-01
35 0 +3.686405129e+01 +6.456405129e+01 +6.456405129e+01 +6.2444e-02 +1.2047e-01 -2.1767e-01
36 0 +3.333400915e+01 +6.103400915e+01 +6.103400915e+01 +8.5333e-02 +1.6592e-01 -2.9900e-01
37 0 +3.209345271e+01 +5.979345271e+01 +5.979345271e+01 +9.6139e-02 +1.8136e-01 -3.3117e-01
38 0 +2.811720118e+01 +5.581720118e+01 +5.581720118e+01 +1.3225e-01 +2.4825e-01 -4.5450e-01
39 0 +2.689208823e+01 +5.459208823e+01 +5.459208823e+01 +1.4586e-01 +2.7583e-01 -5.0172e-01
40 0 +2.342611673e+01 +5.112611673e+01 +5.112611673e+01 +2.0008e-01 +3.7817e-01 -6.8750e-01
41 0 +2.247718288e+01 +5.017718288e+01 +5.017718288e+01 +2.2111e-01 +4.2189e-01 -7.6633e-01
42 0 +2.104284125e+01 +4.874284125e+01 +4.874284125e+01 +3.0300e-01 +5.7967e-01 -1.0523e+00
65 0 +2.088085034e+01 +4.858085034e+01 +4.858085034e+01 +3.1042e-01 +5.6990e-01 -1.0508e+00
82 0 +2.041723767e+01 +4.811723767e+01 +4.811723767e+01 +3.1851e-01 +4.8257e-01 -9.6345e-01
85 0 +1.980209446e+01 +4.750209446e+01 +4.750209446e+01 +3.5979e-01 +4.8302e-01 -1.0196e+00
88 0 +1.943155134e+01 +4.713155134e+01 +4.713155134e+01 +3.8391e-01 +4.0429e-01 -9.6284e-01
89 0 +1.897354200e+01 +4.667354200e+01 +4.667354200e+01 +4.1609e-01 +3.8198e-01 -9.8053e-01
91 0 +1.845497413e+01 +4.615497413e+01 +4.615497413e+01 +4.5942e-01 +4.5513e-01 -1.1249e+00
93 0 +1.744418251e+01 +4.514418251e+01 +4.514418251e+01 +5.3416e-01 +3.9874e-01 -1.1604e+00
94 0 +1.653996570e+01 +4.423996570e+01 +4.423996570e+01 +6.2135e-01 +3.5659e-01 -1.2308e+00
97 0 +1.581413576e+01 +4.351413576e+01 +4.351413576e+01 +7.6463e-01 +3.2353e-01 -1.3930e+00
99 0 +1.502204956e+01 +4.272204956e+01 +4.272204956e+01 +8.9219e-01 +1.8403e-01 -1.4064e+00
100 0 +1.055284850e+01 +3.825284850e+01 +3.825284850e+01 +1.0309e+00 +3.4623e-02 -1.4265e+00
101 0 +8.120998924e+00 +3.582099892e+01 +3.582099892e+01 +1.1586e+00 +9.5631e-02 -1.6723e+00
103 0 +7.816569574e+00 +3.551656957e+01 +3.551656957e+01 +1.0951e+00 -1.7660e-02 -1.4594e+00
109 0 +7.617995561e+00 +3.531799556e+01 +3.531799556e+01 +1.1268e+00 +3.8986e-02 -1.5658e+00
120 0 +7.515542046e+00 +3.521554205e+01 +3.521554205e+01 +1.1224e+00 -1.2689e-02 -1.5019e+00
125 0 +7.395157761e+00 +3.509515776e+01 +3.509515776e+01 +1.1347e+00 -5.5374e-02 -1.4704e+00
128 0 +7.202147192e+00 +3.490214719e+01 +3.490214719e+01 +1.1459e+00 -1.4242e-01 -1.3877e+00
129 0 +7.073667810e+00 +3.477366781e+01 +3.477366781e+01 +1.1576e+00 -2.0729e-01 -1.3307e+00
137 0 +6.871390671e+00 +3.457139067e+01 +3.457139067e+01 +1.1745e+00 -3.2458e-01 -1.2214e+00
138 0 +6.726971708e+00 +3.442697171e+01 +3.442697171e+01 +1.1783e+00 -4.0283e-01 -1.1385e+00
144 0 +6.499659685e+00 +3.419965968e+01 +3.419965968e+01 +1.1984e+00 -6.6489e-01 -8.7077e-01
199 0 +6.453820796e+00 +3.415382080e+01 +3.415382080e+01 +1.2030e+00 -6.4728e-01 -8.7607e-01
207 0 +6.292783964e+00 +3.399278396e+01 +3.399278396e+01 +1.2181e+00 -6.0175e-01 -8.7126e-01
211 0 +6.157852408e+00 +3.385785241e+01 +3.385785241e+01 +1.2287e+00 -5.1687e-01 -8.8282e-01
215 0 +5.924691301e+00 +3.362469130e+01 +3.362469130e+01 +1.2651e+00 -4.0333e-01 -8.5633e-01
216 0 +5.781795006e+00 +3.348179501e+01 +3.348179501e+01 +1.2854e+00 -3.2651e-01 -8.6153e-01
218 0 +5.623220829e+00 +3.332322083e+01 +3.332322083e+01 +1.2796e+00 -2.8976e-01 -9.2833e-01
219 0 +5.380133863e+00 +3.308013386e+01 +3.308013386e+01 +1.2980e+00 -1.6613e-01 -9.7907e-01
220 0 +5.253589370e+00 +3.295358937e+01 +3.295358937e+01 +1.3223e+00 -1.6162e-01 -9.2525e-01
221 0 +4.907896947e+00 +3.260789695e+01 +3.260789695e+01 +1.3639e+00 -9.6633e-03 -9.4309e-01
223 0 +4.415546281e+00 +3.211554628e+01 +3.211554628e+01 +1.4044e+00 +2.8480e-01 -1.0693e+00
224 0 +3.833013432e+00 +3.153301343e+01 +3.153301343e+01 +1.4639e+00 +5.9045e-01 -1.1732e+00
226 0 +3.491986169e+00 +3.119198617e+01 +3.119198617e+01 +1.5140e+00 +6.9317e-01 -1.1576e+00
227 0 +2.942682784e+00 +3.064268278e+01 +3.064268278e+01 +1.5846e+00 +9.8313e-01 -1.2493e+00
229 0 +2.758335123e+00 +3.045833512e+01 +3.045833512e+01 +1.8231e+00 +2.2217e+00 -1.6176e+00
230 0 +2.302281970e+00 +3.000228197e+01 +3.000228197e+01 +1.7453e+00 +1.9014e+00 -1.6122e+00
231 0 +2.102922542e+00 +2.980292254e+01 +2.980292254e+01 +1.8667e+00 +2.5377e+00 -1.8777e+00
235 0 +2.070772668e+00 +2.977077267e+01 +2.977077267e+01 +1.8927e+00 +2.5204e+00 -1.8814e+00
796 0 +2.026068945e+00 +2.972606895e+01 +2.972606895e+01 -1.4903e+00 +1.7955e+00 -4.7705e+00
800 0 +1.941377633e+00 +2.964137763e+01 +2.964137763e+01 -1.5515e+00 +1.3145e+00 -4.6037e+00
801 0 +1.866553698e+00 +2.956655370e+01 +2.956655370e+01 -1.5405e+00 +8.8307e-01 -4.4664e+00
803 0 +1.839289512e+00 +2.953928951e+01 +2.953928951e+01 -1.7546e+00 +4.0328e-01 -4.2112e+00
810 0 +1.816834553e+00 +2.951683455e+01 +2.951683455e+01 -1.6064e+00 +5.9359e-01 -4.3418e+00
% f evaluations | g evaluations | best noise-free fitness - Fopt (2.993000000000e+01) + sum g_i+ | measured fitness | best measured fitness or single-digit g-values | x1 | x2...
1 0 +8.088591845e+00 +3.801859184e+01 +3.801859184e+01 +0.0000e+00 +0.0000e+00 +0.0000e+00
4 0 +8.085753419e+00 +3.801575342e+01 +3.801575342e+01 +0.0000e+00 +0.0000e+00 +2.5000e-04
22 0 +7.909934917e+00 +3.783993492e+01 +3.783993492e+01 -5.0000e-03 -8.2500e-03 +1.1750e-02
26 0 +7.692055211e+00 +3.762205521e+01 +3.762205521e+01 -1.0833e-02 -1.8500e-02 +2.7500e-02
28 0 +7.489785823e+00 +3.741978582e+01 +3.741978582e+01 -1.8333e-02 -2.9000e-02 +4.2250e-02
30 0 +7.193232765e+00 +3.712323277e+01 +3.712323277e+01 -2.7667e-02 -4.3250e-02 +6.5083e-02
32 0 +6.772956283e+00 +3.670295628e+01 +3.670295628e+01 -3.9833e-02 -6.6250e-02 +9.7167e-02
33 0 +6.623047382e+00 +3.655304738e+01 +3.655304738e+01 -4.6389e-02 -7.3833e-02 +1.0883e-01
34 0 +6.155195649e+00 +3.608519565e+01 +3.608519565e+01 -6.4167e-02 -1.0150e-01 +1.4950e-01
35 0 +6.000187768e+00 +3.593018777e+01 +3.593018777e+01 -6.9444e-02 -1.1167e-01 +1.6558e-01
36 0 +5.684716138e+00 +3.561471614e+01 +3.561471614e+01 -9.5000e-02 -1.5300e-01 +2.2725e-01
57 0 +5.621639546e+00 +3.555163955e+01 +3.555163955e+01 -1.0234e-01 -1.6373e-01 +2.5173e-01
63 0 +5.479750148e+00 +3.540975015e+01 +3.540975015e+01 -1.0147e-01 -1.6249e-01 +2.6865e-01
65 0 +5.365824735e+00 +3.529582474e+01 +3.529582474e+01 -8.5306e-02 -1.3699e-01 +2.4310e-01
68 0 +5.151894621e+00 +3.508189462e+01 +3.508189462e+01 -9.1601e-02 -1.4803e-01 +2.8434e-01
69 0 +4.962876414e+00 +3.489287641e+01 +3.489287641e+01 -9.0436e-02 -1.4639e-01 +3.0691e-01
70 0 +4.890726487e+00 +3.482072649e+01 +3.482072649e+01 -7.6707e-02 -1.2613e-01 +2.8040e-01
71 0 +4.628545681e+00 +3.455854568e+01 +3.455854568e+01 -6.4326e-02 -1.0795e-01 +2.8627e-01
72 0 +4.540039508e+00 +3.447003951e+01 +3.447003951e+01 -7.8885e-02 -1.3227e-01 +3.3473e-01
73 0 +4.222951069e+00 +3.415295107e+01 +3.415295107e+01 -7.5674e-02 -1.2992e-01 +3.8055e-01
74 0 +3.900304726e+00 +3.383030473e+01 +3.383030473e+01 -6.2100e-02 -1.0661e-01 +3.7558e-01
75 0 +3.341836033e+00 +3.327183603e+01 +3.327183603e+01 -4.7388e-02 -8.5139e-02 +4.2659e-01
76 0 +3.175827596e+00 +3.310582760e+01 +3.310582760e+01 -3.4490e-02 -6.8953e-02 +4.2203e-01
77 0 +2.613154684e+00 +3.254315468e+01 +3.254315468e+01 -6.5169e-03 -3.0237e-02 +4.7960e-01
79 0 +2.162616515e+00 +3.209261652e+01 +3.209261652e+01 +2.5032e-02 +1.5949e-02 +6.0461e-01
80 0 +2.011509378e+00 +3.194150938e+01 +3.194150938e+01 +7.5385e-02 +8.8881e-02 +7.1663e-01
82 0 +1.884590462e+00 +3.181459046e+01 +3.181459046e+01 +1.4158e-01 +1.7335e-01 +9.1461e-01
84 0 +1.858473939e+00 +3.178847394e+01 +3.178847394e+01 +2.5457e-01 +3.4314e-01 +9.6773e-01
89 0 +1.747856586e+00 +3.167785659e+01 +3.167785659e+01 +1.9290e-01 +2.4997e-01 +9.7425e-01
91 0 +1.730140138e+00 +3.166014014e+01 +3.166014014e+01 +2.6122e-01 +3.4956e-01 +1.0970e+00
128 0 +1.694516005e+00 +3.162451601e+01 +3.162451601e+01 +2.1867e-01 +2.9392e-01 +1.0485e+00
138 0 +1.648674250e+00 +3.157867425e+01 +3.157867425e+01 +2.1539e-01 +3.1433e-01 +1.0991e+00
140 0 +1.618387459e+00 +3.154838746e+01 +3.154838746e+01 +2.0767e-01 +3.1195e-01 +1.0673e+00
142 0 +1.584695598e+00 +3.151469560e+01 +3.151469560e+01 +2.0614e-01 +3.2817e-01 +1.1082e+00
143 0 +1.542699327e+00 +3.147269933e+01 +3.147269933e+01 +1.9707e-01 +3.3578e-01 +1.1214e+00
145 0 +1.470687684e+00 +3.140068768e+01 +3.140068768e+01 +1.9656e-01 +3.5451e-01 +1.1092e+00
147 0 +1.393696788e+00 +3.132369679e+01 +3.132369679e+01 +1.5610e-01 +3.3139e-01 +1.0605e+00
148 0 +1.297601360e+00 +3.122760136e+01 +3.122760136e+01 +1.5882e-01 +3.6917e-01 +1.1268e+00
149 0 +1.137761572e+00 +3.106776157e+01 +3.106776157e+01 +1.3439e-01 +3.9777e-01 +1.1565e+00
150 0 +1.115877406e+00 +3.104587741e+01 +3.104587741e+01 +1.2763e-01 +3.8667e-01 +1.0960e+00
151 0 +9.372737168e-01 +3.086727372e+01 +3.086727372e+01 +9.2912e-02 +4.1211e-01 +1.0833e+00
152 0 +8.715048102e-01 +3.080150481e+01 +3.080150481e+01 +5.9046e-02 +4.0634e-01 +1.0910e+00
153 0 +6.988554198e-01 +3.062885542e+01 +3.062885542e+01 -9.7090e-03 +4.3225e-01 +1.0819e+00
154 0 +5.849054982e-01 +3.051490550e+01 +3.051490550e+01 -1.1041e-02 +4.9670e-01 +1.1540e+00
155 0 +5.014922090e-01 +3.043149221e+01 +3.043149221e+01 -9.4612e-02 +5.7936e-01 +1.2007e+00
157 0 +4.660136524e-01 +3.039601365e+01 +3.039601365e+01 -2.5712e-01 +6.2988e-01 +1.1634e+00
158 0 +3.394562460e-01 +3.026945625e+01 +3.026945625e+01 -4.3214e-01 +7.3876e-01 +1.2035e+00
159 0 +1.835458331e-01 +3.011354583e+01 +3.011354583e+01 -4.3612e-01 +8.1408e-01 +1.2459e+00
160 0 +1.077493982e-01 +3.003774940e+01 +3.003774940e+01 -6.4933e-01 +1.0050e+00 +1.3278e+00
163 0 +9.634000765e-02 +3.002634001e+01 +3.002634001e+01 -1.1317e+00 +1.4282e+00 +1.5625e+00
165 0 +6.648299750e-02 +2.999648300e+01 +2.999648300e+01 -5.6100e-01 +1.0390e+00 +1.4401e+00
167 0 +2.965879546e-02 +2.995965880e+01 +2.995965880e+01 -9.1931e-01 +1.3174e+00 +1.4864e+00
168 0 +2.263937460e-02 +2.995263937e+01 +2.995263937e+01 -1.0579e+00 +1.4774e+00 +1.5293e+00
169 0 +1.954625338e-02 +2.994954625e+01 +2.994954625e+01 -1.1844e+00 +1.6247e+00 +1.6934e+00
171 0 +7.488436430e-03 +2.993748844e+01 +2.993748844e+01 -7.3720e-01 +1.3326e+00 +1.5460e+00
175 0 +5.739153767e-04 +2.993057392e+01 +2.993057392e+01 -1.0294e+00 +1.6260e+00 +1.7399e+00
176 0 +2.113640614e-05 +2.993002114e+01 +2.993002114e+01 -1.0151e+00 +1.7003e+00 +1.8452e+00
188 0 +3.854066698e-06 +2.993000385e+01 +2.993000385e+01 -9.5705e-01 +1.6711e+00 +1.7987e+00
190 0 +1.754452921e-06 +2.993000175e+01 +2.993000175e+01 -9.9713e-01 +1.7365e+00 +1.8647e+00
192 0 +1.411085901e-06 +2.993000141e+01 +2.993000141e+01 -9.5082e-01 +1.6630e+00 +1.8150e+00
194 0 +3.810109419e-07 +2.993000038e+01 +2.993000038e+01 -9.9170e-01 +1.6953e+00 +1.8356e+00
196 0 +1.881876841e-07 +2.993000019e+01 +2.993000019e+01 -9.6847e-01 +1.6847e+00 +1.8186e+00
198 0 +1.130053207e-07 +2.993000011e+01 +2.993000011e+01 -9.8373e-01 +1.7087e+00 +1.8439e+00
201 0 +1.468484712e-08 +2.993000001e+01 +2.993000001e+01 -9.8984e-01 +1.7014e+00 +1.8366e+00
203 0 +1.416069750e-08 +2.993000001e+01 +2.993000001e+01 -9.9623e-01 +1.7139e+00 +1.8417e+00
205 0 +1.102434055e-08 +2.993000001e+01 +2.993000001e+01 -9.7920e-01 +1.6963e+00 +1.8296e+00
206 0 +8.967532494e-09 +2.993000001e+01 +2.993000001e+01 -9.9312e-01 +1.6990e+00 +1.8281e+00
238 0 +0.000000000e+00 +2.993000000e+01 +2.993000000e+01 -9.8793e-01 +1.7000e+00 +1.8300e+00
% f evaluations | g evaluations | best noise-free fitness - Fopt (-1.983000000000e+01) + sum g_i+ | measured fitness | best measured fitness or single-digit g-values | x1 | x2...
1 0 +4.280866851e+01 +2.297866851e+01 +2.297866851e+01 +0.0000e+00 +0.0000e+00 +0.0000e+00
2 0 +4.278478687e+01 +2.295478687e+01 +2.295478687e+01 +2.5000e-04 +0.0000e+00 +0.0000e+00
12 0 +4.260777271e+01 +2.277777271e+01 +2.277777271e+01 +1.2500e-03 +1.0000e-03 -2.0000e-03
20 0 +4.163289830e+01 +2.180289830e+01 +2.180289830e+01 +8.2500e-03 +4.0000e-03 -1.0000e-02
24 0 +4.010268371e+01 +2.027268371e+01 +2.027268371e+01 +1.8500e-02 +1.0500e-02 -2.4500e-02
25 0 +3.978979124e+01 +1.995979124e+01 +1.995979124e+01 +2.1000e-02 +1.0583e-02 -2.7000e-02
26 0 +3.868764740e+01 +1.885764740e+01 +1.885764740e+01 +2.9000e-02 +1.4250e-02 -3.7000e-02
28 0 +3.666015965e+01 +1.683015965e+01 +1.683015965e+01 +4.3250e-02 +2.3000e-02 -5.8000e-02
29 0 +3.604452977e+01 +1.621452977e+01 +1.621452977e+01 +4.8250e-02 +2.5583e-02 -6.3167e-02
30 0 +3.379284426e+01 +1.396284426e+01 +1.396284426e+01 +6.6250e-02 +3.5250e-02 -8.6500e-02
31 0 +3.291459419e+01 +1.308459419e+01 +1.308459419e+01 +7.3833e-02 +3.7833e-02 -9.6500e-02
32 0 +2.996266720e+01 +1.013266720e+01 +1.013266720e+01 +1.0150e-01 +5.1500e-02 -1.3250e-01
33 0 +2.892927641e+01 +9.099276405e+00 +9.099276405e+00 +1.1167e-01 +5.8917e-02 -1.4767e-01
34 0 +2.555730659e+01 +5.727306593e+00 +5.727306593e+00 +1.5300e-01 +8.1250e-02 -2.0300e-01
35 0 +2.443046103e+01 +4.600461028e+00 +4.600461028e+00 +1.7058e-01 +8.9000e-02 -2.2333e-01
36 0 +2.099236342e+01 +1.162363420e+00 +1.162363420e+00 +2.3425e-01 +1.2200e-01 -3.0600e-01
37 0 +1.986518020e+01 +3.518020022e-02 +3.518020022e-02 +2.5958e-01 +1.3458e-01 -3.4117e-01
38 0 +1.686689182e+01 -2.963108181e+00 -2.963108181e+00 +3.5625e-01 +1.8425e-01 -4.6850e-01
39 0 +1.632949534e+01 -3.500504661e+00 -3.500504661e+00 +3.9417e-01 +2.0683e-01 -5.1917e-01
95 0 +1.621717130e+01 -3.612828696e+00 -3.612828696e+00 +4.2272e-01 +2.2091e-01 -5.5587e-01
122 0 +1.582067288e+01 -4.009327119e+00 -4.009327119e+00 +4.1323e-01 +3.0570e-01 -5.5847e-01
125 0 +1.547899292e+01 -4.351007083e+00 -4.351007083e+00 +3.9498e-01 +3.9709e-01 -5.5093e-01
129 0 +1.509292704e+01 -4.737072961e+00 -4.737072961e+00 +3.6229e-01 +6.2040e-01 -5.4830e-01
605 0 +1.382866325e+01 -6.001336748e+00 -6.001336748e+00 +8.4443e-01 -2.8287e+00 -1.2946e+00
611 0 +1.380004539e+01 -6.029954615e+00 -6.029954615e+00 +8.1851e-01 -2.7388e+00 -1.3441e+00
620 0 +1.339057448e+01 -6.439425520e+00 -6.439425520e+00 +8.5495e-01 -2.8285e+00 -1.3365e+00
626 0 +1.291336460e+01 -6.916635397e+00 -6.916635397e+00 +8.7871e-01 -2.8207e+00 -1.3904e+00
627 0 +1.273660742e+01 -7.093392584e+00 -7.093392584e+00 +8.9505e-01 -2.8661e+00 -1.4011e+00
629 0 +1.248015796e+01 -7.349842038e+00 -7.349842038e+00 +9.2336e-01 -2.7993e+00 -1.4487e+00
630 0 +1.212358208e+01 -7.706417916e+00 -7.706417916e+00 +9.5731e-01 -2.8166e+00 -1.4736e+00
631 0 +1.197271065e+01 -7.857289354e+00 -7.857289354e+00 +9.5591e-01 -2.8872e+00 -1.4899e+00
632 0 +1.165304601e+01 -8.176953985e+00 -8.176953985e+00 +9.9553e-01 -2.9644e+00 -1.5328e+00
634 0 +1.111482329e+01 -8.715176711e+00 -8.715176711e+00 +1.0749e+00 -2.9995e+00 -1.5847e+00
635 0 +1.062895471e+01 -9.201045293e+00 -9.201045293e+00 +1.1648e+00 -3.0662e+00 -1.6765e+00
639 0 +1.006257060e+01 -9.767429398e+00 -9.767429398e+00 +1.2989e+00 -3.0831e+00 -1.8617e+00
640 0 +9.960496211e+00 -9.869503789e+00 -9.869503789e+00 +1.4506e+00 -3.1424e+00 -2.0262e+00
646 0 +9.747325569e+00 -1.008267443e+01 -1.008267443e+01 +1.4097e+00 -3.1521e+00 -1.9308e+00
650 0 +9.426512273e+00 -1.040348773e+01 -1.040348773e+01 +1.3752e+00 -2.9736e+00 -1.8091e+00
656 0 +9.298707001e+00 -1.053129300e+01 -1.053129300e+01 +1.4968e+00 -2.9989e+00 -1.9521e+00
660 0 +8.975045582e+00 -1.085495442e+01 -1.085495442e+01 +1.5406e+00 -3.0779e+00 -1.9363e+00
661 0 +8.871356780e+00 -1.095864322e+01 -1.095864322e+01 +1.6233e+00 -3.1300e+00 -1.9999e+00
662 0 +8.692341250e+00 -1.113765875e+01 -1.113765875e+01 +1.5751e+00 -2.9521e+00 -1.8932e+00
664 0 +8.499683865e+00 -1.133031613e+01 -1.133031613e+01 +1.6247e+00 -2.9805e+00 -1.8072e+00
666 0 +8.095977361e+00 -1.173402264e+01 -1.173402264e+01 +1.8327e+00 -3.0220e+00 -2.0395e+00
667 0 +7.869633261e+00 -1.196036674e+01 -1.196036674e+01 +2.0375e+00 -3.0496e+00 -2.1819e+00
668 0 +7.746549619e+00 -1.208345038e+01 -1.208345038e+01 +1.9086e+00 -2.8050e+00 -1.9156e+00
670 0 +7.129722845e+00 -1.270027715e+01 -1.270027715e+01 +2.1732e+00 -2.9093e+00 -2.0241e+00
671 0 +6.655234413e+00 -1.317476559e+01 -1.317476559e+01 +2.4419e+00 -2.9277e+00 -2.0940e+00
672 0 +6.138939591e+00 -1.369106041e+01 -1.369106041e+01 +2.7291e+00 -2.7660e+00 -2.2924e+00
675 0 +5.087632185e+00 -1.474236782e+01 -1.474236782e+01 +3.2477e+00 -2.8253e+00 -2.3783e+00
681 0 +4.960404290e+00 -1.486959571e+01 -1.486959571e+01 +3.5921e+00 -2.5533e+00 -2.3440e+00
683 0 +4.868667157e+00 -1.496133284e+01 -1.496133284e+01 +3.5058e+00 -2.5785e+00 -2.4024e+00
685 0 +4.780061240e+00 -1.504993876e+01 -1.504993876e+01 +3.7303e+00 -2.6647e+00 -2.5123e+00
786 0 +3.405876734e+00 -1.642412327e+01 -1.642412327e+01 +3.1433e+00 +1.3830e+00 -2.1389e+00
787 0 +2.892545915e+00 -1.693745408e+01 -1.693745408e+01 +3.1043e+00 +1.4559e+00 -2.1544e+00
788 0 +2.210435225e+00 -1.761956477e+01 -1.761956477e+01 +3.2367e+00 +1.5213e+00 -1.9064e+00
789 0 +2.039302695e+00 -1.779069731e+01 -1.779069731e+01 +3.2718e+00 +1.5681e+00 -1.5810e+00
812 0 +1.992209213e+00 -1.783779079e+01 -1.783779079e+01 +3.1358e+00 +1.8531e+00 -1.7447e+00
821 0 +1.938689780e+00 -1.789131022e+01 -1.789131022e+01 +3.0617e+00 +2.1156e+00 -2.0296e+00
