% f evaluations | g evaluations | best noise-free fitness - Fopt (-1.000000000000e+03) + sum g_i+ | measured fitness | best measured fitness or single-digit g-values | x1 | x2...
1 0 +1.610802346e+01 -9.838919765e+02 -9.838919765e+02 +0.0000e+00 +0.0000e+00 +0.0000e+00
2 0 +1.609584377e+01 -9.839041562e+02 -9.839041562e+02 +2.5000e-04 +0.0000e+00 +0.0000e+00
15 0 +1.576013390e+01 -9.842398661e+02 -9.842398661e+02 +2.5833e-03 -3.8333e-03 +9.1667e-04
19 0 +1.534610806e+01 -9.846538919e+02 -9.846538919e+02 +5.2500e-03 -9.0000e-03 +3.0000e-03
21 0 +1.490764214e+01 -9.850923579e+02 -9.850923579e+02 +8.3333e-03 -1.4333e-02 +3.9167e-03
23 0 +1.437540746e+01 -9.856245925e+02 -9.856245925e+02 +1.1583e-02 -2.1833e-02 +6.9167e-03
25 0 +1.354075171e+01 -9.864592483e+02 -9.864592483e+02 +1.8833e-02 -3.2833e-02 +1.0167e-02
26 0 +1.328326892e+01 -9.867167311e+02 -9.867167311e+02 +2.0583e-02 -3.7000e-02 +1.1000e-02
27 0 +1.244142238e+01 -9.875585776e+02 -9.875585776e+02 +2.8250e-02 -5.1000e-02 +1.5000e-02
28 0 +1.218117265e+01 -9.878188273e+02 -9.878188273e+02 +3.0778e-02 -5.6111e-02 +1.7472e-02
29 0 +1.125797493e+01 -9.887420251e+02 -9.887420251e+02 +4.2000e-02 -7.7000e-02 +2.4250e-02
30 0 +1.093806598e+01 -9.890619340e+02 -9.890619340e+02 +4.7806e-02 -8.5389e-02 +2.6028e-02
31 0 +1.020051604e+01 -9.897994840e+02 -9.897994840e+02 +6.5917e-02 -1.1717e-01 +3.5583e-02
41 0 +9.978218530e+00 -9.900217815e+02 -9.900217815e+02 +7.9517e-02 -1.4358e-01 +4.3877e-02
124 0 +9.746992795e+00 -9.902530072e+02 -9.902530072e+02 +1.5340e-01 -6.7181e-02 -6.6626e-03
129 0 +9.512326531e+00 -9.904876735e+02 -9.904876735e+02 +2.1964e-01 -4.3513e-02 -3.2641e-02
135 0 +9.326461132e+00 -9.906735389e+02 -9.906735389e+02 +3.9646e-01 +7.3987e-02 -1.2631e-01
224 0 +9.093877805e+00 -9.909061222e+02 -9.909061222e+02 +5.4395e-01 +2.3847e-01 -5.0212e-01
230 0 +8.886055620e+00 -9.911139444e+02 -9.911139444e+02 +5.4885e-01 +2.8226e-01 -9.3430e-01
354 0 +8.370708743e+00 -9.916292913e+02 -9.916292913e+02 +1.4631e+00 -8.7750e-01 +2.2404e+00
357 0 +8.223913331e+00 -9.917760867e+02 -9.917760867e+02 +1.5445e+00 -8.3615e-01 +2.2376e+00
358 0 +7.694965912e+00 -9.923050341e+02 -9.923050341e+02 +1.4958e+00 -8.1080e-01 +2.2321e+00
359 0 +7.475813495e+00 -9.925241865e+02 -9.925241865e+02 +1.3798e+00 -8.5281e-01 +2.2058e+00
360 0 +6.572198571e+00 -9.934278014e+02 -9.934278014e+02 +1.2287e+00 -8.5600e-01 +2.1780e+00
362 0 +6.103727096e+00 -9.938962729e+02 -9.938962729e+02 +9.1955e-01 -8.2317e-01 +2.1946e+00
363 0 +3.456336797e+00 -9.965436632e+02 -9.965436632e+02 +9.6624e-01 -7.8249e-01 +2.1628e+00
364 0 +2.092542666e+00 -9.979074573e+02 -9.979074573e+02 +7.1779e-01 -7.3498e-01 +2.1240e+00
367 0 +2.033910312e+00 -9.979660897e+02 -9.979660897e+02 -7.1513e-02 -6.7603e-01 +2.0210e+00
369 0 +1.932613618e+00 -9.980673864e+02 -9.980673864e+02 +5.6797e-01 -7.5791e-01 +2.0623e+00
371 0 +6.073752443e-01 -9.993926248e+02 -9.993926248e+02 +3.9466e-01 -6.4731e-01 +2.0392e+00
372 0 +4.632823742e-01 -9.995367176e+02 -9.995367176e+02 +3.8457e-01 -5.7165e-01 +2.0092e+00
373 0 +3.392831256e-01 -9.996607169e+02 -9.996607169e+02 -1.3043e-01 -6.0209e-01 +1.9377e+00
374 0 +1.816391075e-01 -9.998183609e+02 -9.998183609e+02 -5.5454e-01 -5.3564e-01 +1.8445e+00
379 0 +9.533570697e-02 -9.999046643e+02 -9.999046643e+02 -1.0203e-01 -5.0316e-01 +1.9166e+00
383 0 +8.729335026e-02 -9.999127066e+02 -9.999127066e+02 -4.3160e-01 -4.2539e-01 +1.8287e+00
386 0 +6.926472622e-02 -9.999307353e+02 -9.999307353e+02 -3.9978e-01 -4.3620e-01 +1.8601e+00
390 0 +6.756384747e-02 -9.999324362e+02 -9.999324362e+02 -2.3021e-01 -4.6436e-01 +1.8857e+00
394 0 +6.306999085e-02 -9.999369300e+02 -9.999369300e+02 -2.5205e-01 -4.3293e-01 +1.8817e+00
397 0 +5.690023770e-02 -9.999430998e+02 -9.999430998e+02 -2.4206e-01 -4.2069e-01 +1.8996e+00
398 0 +5.367398292e-02 -9.999463260e+02 -9.999463260e+02 -2.4798e-01 -3.9885e-01 +1.9066e+00
405 0 +4.684833307e-02 -9.999531517e+02 -9.999531517e+02 -1.7771e-01 -3.5878e-01 +1.9385e+00
406 0 +4.247704005e-02 -9.999575230e+02 -9.999575230e+02 -1.6171e-01 -3.1901e-01 +1.9560e+00
408 0 +4.098291633e-02 -9.999590171e+02 -9.999590171e+02 -1.0839e-01 -3.1509e-01 +1.9573e+00
409 0 +3.628779041e-02 -9.999637122e+02 -9.999637122e+02 -3.8594e-02 -2.7321e-01 +1.9826e+00
410 0 +3.344221531e-02 -9.999665578e+02 -9.999665578e+02 -1.1156e-01 -2.2727e-01 +1.9848e+00
411 0 +3.040550255e-02 -9.999695945e+02 -9.999695945e+02 -8.6185e-02 -1.4025e-01 +2.0169e+00
412 0 +2.057262707e-02 -9.999794274e+02 -9.999794274e+02 +1.9521e-02 -1.3770e-01 +2.0509e+00
413 0 +1.532264877e-02 -9.999846774e+02 -9.999846774e+02 +1.3454e-01 -3.1248e-02 +2.1167e+00
415 0 +1.456393845e-02 -9.999854361e+02 -9.999854361e+02 +3.3319e-01 +1.9330e-01 +2.2043e+00
417 0 +9.220734065e-03 -9.999907793e+02 -9.999907793e+02 +5.9331e-01 +4.4012e-01 +2.3589e+00
419 0 +5.883517558e-03 -9.999941165e+02 -9.999941165e+02 +4.1440e-01 +1.1370e-01 +2.2106e+00
422 0 +2.251490971e-03 -9.999977485e+02 -9.999977485e+02 +8.4488e-01 +5.2880e-01 +2.4415e+00
423 0 +8.535422460e-04 -9.999991465e+02 -9.999991465e+02 +1.1007e+00 +6.9655e-01 +2.5600e+00
426 0 +7.579478697e-04 -9.999992421e+02 -9.999992421e+02 +1.3153e+00 +7.5542e-01 +2.6591e+00
428 0 +2.638904698e-05 -9.999999736e+02 -9.999999736e+02 +1.5295e+00 +8.6565e-01 +2.7195e+00
438 0 +1.702247346e-06 -9.999999983e+02 -9.999999983e+02 +1.2322e+00 +6.3938e-01 +2.5806e+00
443 0 +1.039234689e-06 -9.999999990e+02 -9.999999990e+02 +1.4061e+00 +7.6456e-01 +2.6665e+00
446 0 +9.499334510e-07 -9.999999991e+02 -9.999999991e+02 +1.4390e+00 +7.5875e-01 +2.6697e+00
448 0 +4.572067382e-07 -9.999999995e+02 -9.999999995e+02 +1.4215e+00 +7.6721e-01 +2.6654e+00
450 0 +6.094410310e-09 -1.000000000e+03 -1.000000000e+03 +1.3272e+00 +7.0145e-01 +2.6239e+00
489 0 +0.000000000e+00 -1.000000000e+03 -1.000000000e+03 +1.3481e+00 +7.1781e-01 +2.6346e+00
% f evaluations | g evaluations | best noise-free fitness - Fopt (1.000000000000e+03) + sum g_i+ | measured fitness | best measured fitness or single-digit g-values | x1 | x2...
1 0 +6.769756298e+01 +1.067697563e+03 +1.067697563e+03 +0.0000e+00 +0.0000e+00 +0.0000e+00
3 0 +6.769729251e+01 +1.067697293e+03 +1.067697293e+03 +0.0000e+00 +2.5000e-04 +0.0000e+00
20 0 +6.759281594e+01 +1.067592816e+03 +1.067592816e+03 -1.1000e-02 +2.6667e-03 +6.5833e-03
34 0 +6.576281972e+01 +1.065762820e+03 +1.065762820e+03 -1.9433e-01 +5.7333e-02 +1.0633e-01
37 0 +6.425780249e+01 +1.064257802e+03 +1.064257802e+03 -3.3117e-01 +9.6139e-02 +1.8136e-01
38 0 +6.279645590e+01 +1.062796456e+03 +1.062796456e+03 -4.5450e-01 +1.3225e-01 +2.4825e-01
40 0 +5.983836492e+01 +1.059838365e+03 +1.059838365e+03 -6.8750e-01 +2.0008e-01 +3.7817e-01
41 0 +5.883060086e+01 +1.058830601e+03 +1.058830601e+03 -7.6633e-01 +2.2111e-01 +4.2189e-01
42 0 +5.543367876e+01 +1.055433679e+03 +1.055433679e+03 -1.0523e+00 +3.0300e-01 +5.7967e-01
43 0 +5.432579017e+01 +1.054325790e+03 +1.054325790e+03 -1.1639e+00 +3.3822e-01 +6.3814e-01
44 0 +5.213395758e+01 +1.052133958e+03 +1.052133958e+03 -1.5963e+00 +4.6467e-01 +8.7425e-01
81 0 +5.111331918e+01 +1.051113319e+03 +1.051113319e+03 -1.7345e+00 +6.0446e-01 +8.1225e-01
251 0 +4.664788199e+01 +1.046647882e+03 +1.046647882e+03 +2.3884e+00 -7.3316e-01 -2.1526e+00
252 0 +4.125632145e+01 +1.041256321e+03 +1.041256321e+03 +2.2291e+00 -7.1571e-01 -2.3055e+00
253 0 +3.982870470e+01 +1.039828705e+03 +1.039828705e+03 +1.9107e+00 -7.4364e-01 -2.3996e+00
254 0 +3.969446149e+01 +1.039694461e+03 +1.039694461e+03 +1.9107e+00 -7.5411e-01 -2.2585e+00
263 0 +3.799795631e+01 +1.037997956e+03 +1.037997956e+03 +2.0334e+00 -7.1674e-01 -2.2437e+00
273 0 +3.697620448e+01 +1.036976204e+03 +1.036976204e+03 +2.0568e+00 -6.8082e-01 -2.2254e+00
275 0 +3.557905687e+01 +1.035579057e+03 +1.035579057e+03 +1.9653e+00 -6.3986e-01 -2.4315e+00
277 0 +3.482534317e+01 +1.034825343e+03 +1.034825343e+03 +1.8559e+00 -6.2711e-01 -2.3142e+00
278 0 +3.412948820e+01 +1.034129488e+03 +1.034129488e+03 +1.9907e+00 -6.0136e-01 -2.2994e+00
279 0 +3.323457828e+01 +1.033234578e+03 +1.033234578e+03 +2.0220e+00 -5.5347e-01 -2.2751e+00
280 0 +3.199700478e+01 +1.031997005e+03 +1.031997005e+03 +1.8386e+00 -5.3281e-01 -2.4551e+00
281 0 +3.055690658e+01 +1.030556907e+03 +1.030556907e+03 +1.7295e+00 -4.5881e-01 -2.5699e+00
282 0 +2.936137531e+01 +1.029361375e+03 +1.029361375e+03 +1.7730e+00 -4.5306e-01 -2.3413e+00
283 0 +2.710372617e+01 +1.027103726e+03 +1.027103726e+03 +1.6769e+00 -3.5966e-01 -2.2962e+00
284 0 +2.594560826e+01 +1.025945608e+03 +1.025945608e+03 +1.7630e+00 -2.8751e-01 -2.4466e+00
285 0 +2.363189260e+01 +1.023631893e+03 +1.023631893e+03 +1.7165e+00 -1.1770e-01 -2.5129e+00
286 0 +2.293675979e+01 +1.022936760e+03 +1.022936760e+03 +1.3933e+00 -7.0647e-02 -2.6442e+00
287 0 +1.918205312e+01 +1.019182053e+03 +1.019182053e+03 +1.0790e+00 +1.7076e-01 -2.8287e+00
295 0 +1.893641056e+01 +1.018936411e+03 +1.018936411e+03 +1.2862e+00 +1.8573e-01 -2.6789e+00
296 0 +1.686908089e+01 +1.016869081e+03 +1.016869081e+03 +1.0817e+00 +2.3050e-01 -3.0196e+00
297 0 +1.609082790e+01 +1.016090828e+03 +1.016090828e+03 +9.9646e-01 +2.1854e-01 -3.2684e+00
299 0 +1.431583671e+01 +1.014315837e+03 +1.014315837e+03 +1.1800e+00 +1.0708e-01 -3.1667e+00
300 0 +1.307281191e+01 +1.013072812e+03 +1.013072812e+03 +1.2305e+00 +7.5237e-02 -3.3357e+00
304 0 +1.123883336e+01 +1.011238833e+03 +1.011238833e+03 +1.2972e+00 +1.4505e-01 -3.7303e+00
305 0 +1.016953347e+01 +1.010169533e+03 +1.010169533e+03 +1.4780e+00 +2.0836e-01 -3.7182e+00
309 0 +8.178681402e+00 +1.008178681e+03 +1.008178681e+03 +1.6816e+00 +4.3812e-01 -3.4520e+00
310 0 +6.910036336e+00 +1.006910036e+03 +1.006910036e+03 +1.9071e+00 +6.1957e-01 -3.5101e+00
313 0 +4.164799988e+00 +1.004164800e+03 +1.004164800e+03 +2.2038e+00 +9.7090e-01 -3.8522e+00
314 0 +2.329007460e+00 +1.002329007e+03 +1.002329007e+03 +2.5667e+00 +1.3522e+00 -3.9193e+00
316 0 +1.959506997e+00 +1.001959507e+03 +1.001959507e+03 +2.7417e+00 +1.4874e+00 -3.4425e+00
317 0 +1.167102237e+00 +1.001167102e+03 +1.001167102e+03 +3.2974e+00 +1.9484e+00 -3.2826e+00
324 0 +8.737360659e-01 +1.000873736e+03 +1.000873736e+03 +3.7034e+00 +2.2749e+00 -3.6700e+00
328 0 +7.770267855e-01 +1.000777027e+03 +1.000777027e+03 +3.7778e+00 +2.2483e+00 -3.3652e+00
331 0 +7.555797649e-01 +1.000755580e+03 +1.000755580e+03 +3.4707e+00 +2.0493e+00 -3.4253e+00
333 0 +7.411068422e-01 +1.000741107e+03 +1.000741107e+03 +3.7505e+00 +2.3226e+00 -3.3958e+00
335 0 +7.068986142e-01 +1.000706899e+03 +1.000706899e+03 +3.6849e+00 +2.2408e+00 -3.5327e+00
472 0 +6.888880887e-01 +1.000688888e+03 +1.000688888e+03 -1.3921e+00 -6.8782e-01 -1.2898e+00
474 0 +6.057415745e-01 +1.000605742e+03 +1.000605742e+03 -1.3049e+00 -6.9066e-01 -1.3673e+00
475 0 +5.359715128e-01 +1.000535972e+03 +1.000535972e+03 -1.1519e+00 -8.0471e-01 -1.5221e+00
476 0 +3.812623178e-01 +1.000381262e+03 +1.000381262e+03 -1.0862e+00 -9.0668e-01 -1.5793e+00
477 0 +2.769692957e-01 +1.000276969e+03 +1.000276969e+03 -8.5016e-01 -1.1251e+00 -1.8109e+00
478 0 +8.650074817e-02 +1.000086501e+03 +1.000086501e+03 -8.3973e-01 -1.1729e+00 -1.8506e+00
482 0 +1.518029677e-02 +1.000015180e+03 +1.000015180e+03 -7.5450e-01 -1.3013e+00 -1.9248e+00
483 0 +1.117985433e-03 +1.000001118e+03 +1.000001118e+03 -5.5581e-01 -1.5496e+00 -2.1261e+00
491 0 +9.749023358e-04 +1.000000975e+03 +1.000000975e+03 -5.3692e-01 -1.6288e+00 -2.1619e+00
494 0 +1.835303881e-04 +1.000000184e+03 +1.000000184e+03 -7.0156e-01 -1.4429e+00 -1.9928e+00
496 0 +3.910046394e-05 +1.000000039e+03 +1.000000039e+03 -7.0000e-01 -1.4343e+00 -1.9997e+00
498 0 +2.510167053e-05 +1.000000025e+03 +1.000000025e+03 -6.0098e-01 -1.5258e+00 -2.0888e+00
502 0 +1.464338925e-05 +1.000000015e+03 +1.000000015e+03 -6.0082e-01 -1.5328e+00 -2.0951e+00
504 0 +6.518626606e-06 +1.000000007e+03 +1.000000007e+03 -6.4979e-01 -1.4723e+00 -2.0446e+00
506 0 +1.142276801e-06 +1.000000001e+03 +1.000000001e+03 -6.5860e-01 -1.4723e+00 -2.0380e+00
513 0 +7.818958920e-07 +1.000000001e+03 +1.000000001e+03 -6.5937e-01 -1.4708e+00 -2.0396e+00
516 0 +4.435918299e-07 +1.000000000e+03 +1.000000000e+03 -6.4276e-01 -1.4886e+00 -2.0546e+00
522 0 +4.232608717e-07 +1.000000000e+03 +1.000000000e+03 -6.4426e-01 -1.4875e+00 -2.0550e+00
525 0 +3.968009423e-07 +1.000000000e+03 +1.000000000e+03 -6.5266e-01 -1.4775e+00 -2.0480e+00
530 0 +3.659032473e-07 +1.000000000e+03 +1.000000000e+03 -6.4829e-01 -1.4829e+00 -2.0532e+00
536 0 +3.413759941e-07 +1.000000000e+03 +1.000000000e+03 -6.5041e-01 -1.4802e+00 -2.0516e+00
537 0 +3.229862386e-07 +1.000000000e+03 +1.000000000e+03 -6.5253e-01 -1.4779e+00 -2.0507e+00
541 0 +2.923763986e-07 +1.000000000e+03 +1.000000000e+03 -6.5541e-01 -1.4750e+00 -2.0506e+00
542 0 +2.653561069e-07 +1.000000000e+03 +1.000000000e+03 -6.5625e-01 -1.4740e+00 -2.0513e+00
545 0 +2.161833663e-07 +1.000000000e+03 +1.000000000e+03 -6.5910e-01 -1.4703e+00 -2.0507e+00
546 0 +1.846785835e-07 +1.000000000e+03 +1.000000000e+03 -6.6238e-01 -1.4665e+00 -2.0507e+00
549 0 +1.449155889e-07 +1.000000000e+03 +1.000000000e+03 -6.6542e-01 -1.4630e+00 -2.0535e+00
550 0 +9.161988146e-08 +1.000000000e+03 +1.000000000e+03 -6.7001e-01 -1.4575e+00 -2.0546e+00
552 0 +5.753906862e-08 +1.000000000e+03 +1.000000000e+03 -6.7409e-01 -1.4525e+00 -2.0519e+00
553 0 +4.238654583e-08 +1.000000000e+03 +1.000000000e+03 -6.7934e-01 -1.4458e+00 -2.0518e+00
554 0 +2.602075710e-08 +1.000000000e+03 +1.000000000e+03 -6.8659e-01 -1.4379e+00 -2.0538e+00
555 0 +1.193836852e-08 +1.000000000e+03 +1.000000000e+03 -6.9870e-01 -1.4237e+00 -2.0554e+00
556 0 +1.107480330e-08 +1.000000000e+03 +1.000000000e+03 -6.9125e-01 -1.4313e+00 -2.0575e+00
558 0 +3.320792530e-10 +1.000000000e+03 +1.000000000e+03 -7.0951e-01 -1.4096e+00 -2.0552e+00
586 0 +0.000000000e+00 +1.000000000e+03 +1.000000000e+03 -7.1382e-01 -1.4040e+00 -2.0532e+00
% f evaluations | g evaluations | best noise-free fitness - Fopt (-4.913000000000e+01) + sum g_i+ | measured fitness | best measured fitness or single-digit g-values | x1 | x2...
1 0 +5.988076993e+01 +1.075076993e+01 +1.075076993e+01 +0.0000e+00 +0.0000e+00 +0.0000e+00
5 0 +5.987890961e+01 +1.074890961e+01 +1.074890961e+01 +1.6667e-04 +1.6667e-04 -2.5000e-04
27 0 +5.881376709e+01 +9.683767089e+00 +9.683767089e+00 +2.9000e-02 -1.4000e-02 -3.7667e-02
31 0 +5.740425980e+01 +8.274259799e+00 +8.274259799e+00 +6.6250e-02 -3.5000e-02 -8.4000e-02
33 0 +5.607938223e+01 +6.949382229e+00 +6.949382229e+00 +1.0150e-01 -5.1250e-02 -1.3183e-01
35 0 +5.415509175e+01 +5.025091747e+00 +5.025091747e+00 +1.5300e-01 -8.1000e-02 -1.9700e-01
36 0 +5.360399313e+01 +4.473993132e+00 +4.473993132e+00 +1.7058e-01 -8.8750e-02 -2.1872e-01
37 0 +5.161836046e+01 +2.488360463e+00 +2.488360463e+00 +2.3425e-01 -1.2175e-01 -2.9983e-01
38 0 +5.091800713e+01 +1.788007126e+00 +1.788007126e+00 +2.5958e-01 -1.3433e-01 -3.3511e-01
39 0 +4.902319731e+01 -1.068026860e-01 -1.068026860e-01 +3.5625e-01 -1.8400e-01 -4.6067e-01
40 0 +4.851036017e+01 -6.196398337e-01 -6.196398337e-01 +3.9417e-01 -2.0658e-01 -5.0650e-01
75 0 +4.785974862e+01 -1.270251378e+00 -1.270251378e+00 +4.5800e-01 -2.5033e-01 -5.8325e-01
84 0 +4.639443857e+01 -2.735561426e+00 -2.735561426e+00 +5.1951e-01 -3.2449e-01 -6.3984e-01
86 0 +4.566050336e+01 -3.469496636e+00 -3.469496636e+00 +4.6975e-01 -3.1298e-01 -5.6789e-01
88 0 +4.411849390e+01 -5.011506097e+00 -5.011506097e+00 +4.9910e-01 -3.6772e-01 -5.8600e-01
90 0 +4.205735635e+01 -7.072643651e+00 -7.072643651e+00 +5.6124e-01 -4.5668e-01 -6.3456e-01
91 0 +4.153970090e+01 -7.590299095e+00 -7.590299095e+00 +5.0055e-01 -4.3377e-01 -5.5246e-01
92 0 +3.935962360e+01 -9.770376396e+00 -9.770376396e+00 +4.9107e-01 -4.8841e-01 -5.0877e-01
93 0 +3.786809795e+01 -1.126190205e+01 -1.126190205e+01 +5.6452e-01 -5.6222e-01 -5.8499e-01
94 0 +3.427607389e+01 -1.485392611e+01 -1.485392611e+01 +6.1190e-01 -6.8684e-01 -5.9354e-01
95 0 +3.304596120e+01 -1.608403880e+01 -1.608403880e+01 +6.1037e-01 -7.2023e-01 -5.7192e-01
96 0 +2.855812555e+01 -2.057187445e+01 -2.057187445e+01 +6.6601e-01 -8.9648e-01 -5.6487e-01
97 0 +2.731193288e+01 -2.181806712e+01 -2.181806712e+01 +6.1808e-01 -9.2447e-01 -4.7690e-01
98 0 +2.290090632e+01 -2.622909368e+01 -2.622909368e+01 +6.4650e-01 -1.1584e+00 -3.9806e-01
99 0 +2.036440397e+01 -2.876559603e+01 -2.876559603e+01 +7.9187e-01 -1.3394e+00 -5.2888e-01
100 0 +1.399147629e+01 -3.513852371e+01 -3.513852371e+01 +9.4227e-01 -1.7649e+00 -5.3894e-01
101 0 +1.217534590e+01 -3.695465410e+01 -3.695465410e+01 +8.9129e-01 -1.8596e+00 -4.0771e-01
102 0 +8.246313852e+00 -4.088368615e+01 -4.088368615e+01 +1.0310e+00 -2.4461e+00 -3.1480e-01
103 0 +7.830733359e+00 -4.129926664e+01 -4.129926664e+01 +1.0805e+00 -2.6831e+00 -2.6966e-01
105 0 +7.277997032e+00 -4.185200297e+01 -4.185200297e+01 +1.3893e+00 -3.4376e+00 -3.5086e-01
112 0 +6.952606325e+00 -4.217739367e+01 -4.217739367e+01 +1.3576e+00 -3.1839e+00 -4.3441e-01
182 0 +6.917812923e+00 -4.221218708e+01 -4.221218708e+01 +1.3325e+00 -3.1382e+00 -4.1393e-01
198 0 +6.752486047e+00 -4.237751395e+01 -4.237751395e+01 +1.4403e+00 -3.3047e+00 -3.6044e-01
206 0 +6.595020721e+00 -4.253497928e+01 -4.253497928e+01 +1.5775e+00 -3.4407e+00 -3.4442e-01
211 0 +6.380894087e+00 -4.274910591e+01 -4.274910591e+01 +1.6550e+00 -3.4630e+00 -3.3309e-01
212 0 +6.258132154e+00 -4.287186785e+01 -4.287186785e+01 +1.7064e+00 -3.4849e+00 -3.3668e-01
214 0 +6.147150858e+00 -4.298284914e+01 -4.298284914e+01 +1.6121e+00 -3.3179e+00 -3.5307e-01
215 0 +6.003494374e+00 -4.312650563e+01 -4.312650563e+01 +1.6235e+00 -3.2576e+00 -3.5377e-01
217 0 +5.714170873e+00 -4.341582913e+01 -4.341582913e+01 +1.7904e+00 -3.3586e+00 -4.0028e-01
218 0 +5.580600671e+00 -4.354939933e+01 -4.354939933e+01 +1.8629e+00 -3.4289e+00 -3.4360e-01
219 0 +5.366144034e+00 -4.376385597e+01 -4.376385597e+01 +2.0191e+00 -3.4907e+00 -3.2362e-01
222 0 +5.142717147e+00 -4.398728285e+01 -4.398728285e+01 +2.1932e+00 -3.4773e+00 -3.8333e-01
224 0 +5.111056293e+00 -4.401894371e+01 -4.401894371e+01 +2.2949e+00 -3.4554e+00 -3.2553e-01
498 0 +4.567590056e+00 -4.456240994e+01 -4.456240994e+01 +1.5533e-01 +4.1086e+00 -3.6177e+00
504 0 +3.586204790e+00 -4.554379521e+01 -4.554379521e+01 +1.4482e-01 +3.7976e+00 -3.5758e+00
510 0 +3.073644439e+00 -4.605635556e+01 -4.605635556e+01 +1.4570e-01 +3.7796e+00 -3.6951e+00
512 0 +2.834993813e+00 -4.629500619e+01 -4.629500619e+01 +1.6017e-01 +3.8306e+00 -3.8604e+00
517 0 +2.790741827e+00 -4.633925817e+01 -4.633925817e+01 +1.5604e-01 +3.7321e+00 -3.9127e+00
568 0 +2.753645971e+00 -4.637635403e+01 -4.637635403e+01 +1.3847e-01 +3.7443e+00 -3.9150e+00
577 0 +2.676928739e+00 -4.645307126e+01 -4.645307126e+01 +6.2743e-02 +3.7705e+00 -3.9907e+00
587 0 +2.606208182e+00 -4.652379182e+01 -4.652379182e+01 -1.6608e-02 +3.7761e+00 -3.9160e+00
% f evaluations | g evaluations | best noise-free fitness - Fopt (2.977300000000e+02) + sum g_i+ | measured fitness | best measured fitness or single-digit g-values | x1 | x2...
1 0 +4.847377275e+01 +3.462037728e+02 +3.462037728e+02 +0.0000e+00 +0.0000e+00 +0.0000e+00
3 0 +4.846436914e+01 +3.461943691e+02 +3.461943691e+02 +0.0000e+00 +2.5000e-04 +0.0000e+00
20 0 +4.785456810e+01 +3.455845681e+02 +3.455845681e+02 +2.9167e-03 +6.0000e-03 -1.0333e-02
25 0 +4.652058137e+01 +3.442505814e+02 +3.442505814e+02 +1.0167e-02 +1.8833e-02 -3.2833e-02
27 0 +4.548671715e+01 +3.432167171e+02 +3.432167171e+02 +1.5000e-02 +2.8250e-02 -5.1000e-02
29 0 +4.402074412e+01 +3.417507441e+02 +3.417507441e+02 +2.4250e-02 +4.2000e-02 -7.7000e-02
30 0 +4.350395605e+01 +3.412339561e+02 +3.412339561e+02 +2.6028e-02 +4.7806e-02 -8.5389e-02
31 0 +4.173469609e+01 +3.394646961e+02 +3.394646961e+02 +3.5583e-02 +6.5917e-02 -1.1717e-01
32 0 +4.106835203e+01 +3.387983520e+02 +3.387983520e+02 +3.9722e-02 +7.1944e-02 -1.3061e-01
33 0 +3.861547254e+01 +3.363454725e+02 +3.363454725e+02 +5.4500e-02 +9.8500e-02 -1.7950e-01
34 0 +3.771565193e+01 +3.354456519e+02 +3.354456519e+02 +6.1222e-02 +1.0936e-01 -1.9811e-01
35 0 +3.463074125e+01 +3.323607412e+02 +3.323607412e+02 +8.4333e-02 +1.4992e-01 -2.7167e-01
36 0 +3.353226551e+01 +3.312622655e+02 +3.312622655e+02 +9.2028e-02 +1.6756e-01 -3.0189e-01
37 0 +3.040370437e+01 +3.281337044e+02 +3.281337044e+02 +1.2592e-01 +2.3033e-01 -4.1433e-01
38 0 +2.954617945e+01 +3.272761795e+02 +3.272761795e+02 +1.4092e-01 +2.5325e-01 -4.5983e-01
39 0 +2.788293022e+01 +3.256129302e+02 +3.256129302e+02 +1.9358e-01 +3.4692e-01 -6.3117e-01
91 0 +2.748254805e+01 +3.252125481e+02 +3.252125481e+02 +2.1893e-01 +3.8474e-01 -6.7035e-01
97 0 +2.672856847e+01 +3.244585685e+02 +3.244585685e+02 +2.5404e-01 +4.2453e-01 -6.8264e-01
100 0 +2.625375813e+01 +3.239837581e+02 +3.239837581e+02 +2.9642e-01 +4.8005e-01 -7.2856e-01
102 0 +2.544361557e+01 +3.231736156e+02 +3.231736156e+02 +3.3666e-01 +5.2306e-01 -7.3316e-01
103 0 +2.471738246e+01 +3.224473825e+02 +3.224473825e+02 +3.8348e-01 +5.7612e-01 -7.4954e-01
105 0 +2.446416487e+01 +3.221941649e+02 +3.221941649e+02 +4.6977e-01 +6.8744e-01 -8.2955e-01
107 0 +2.350566978e+01 +3.212356698e+02 +3.212356698e+02 +5.7289e-01 +8.0292e-01 -8.6347e-01
108 0 +2.308853533e+01 +3.208185353e+02 +3.208185353e+02 +6.9284e-01 +9.4103e-01 -9.1505e-01
113 0 +2.211297581e+01 +3.198429758e+02 +3.198429758e+02 +6.9573e-01 +9.3416e-01 -8.7608e-01
114 0 +2.115223299e+01 +3.188822330e+02 +3.188822330e+02 +7.6189e-01 +1.0004e+00 -8.6880e-01
117 0 +2.035936003e+01 +3.180893600e+02 +3.180893600e+02 +9.6672e-01 +1.2281e+00 -9.1419e-01
118 0 +1.989842239e+01 +3.176284224e+02 +3.176284224e+02 +1.0774e+00 +1.3432e+00 -9.2568e-01
119 0 +1.834687629e+01 +3.160768763e+02 +3.160768763e+02 +1.2755e+00 +1.5501e+00 -9.3454e-01
120 0 +1.755551633e+01 +3.152855163e+02 +3.152855163e+02 +1.0934e+00 +1.3386e+00 -8.4418e-01
121 0 +1.548423401e+01 +3.132142340e+02 +3.132142340e+02 +1.1855e+00 +1.4177e+00 -7.8251e-01
122 0 +1.268895004e+01 +3.104189500e+02 +3.104189500e+02 +1.5233e+00 +1.7970e+00 -8.8536e-01
123 0 +8.906684528e+00 +3.066366845e+02 +3.066366845e+02 +1.9040e+00 +2.1953e+00 -8.9363e-01
124 0 +8.394772631e+00 +3.061247726e+02 +3.061247726e+02 +1.9433e+00 +2.2139e+00 -8.2627e-01
125 0 +8.166931809e+00 +3.058969318e+02 +3.058969318e+02 +2.4315e+00 +2.7068e+00 -7.8231e-01
126 0 +7.847479900e+00 +3.055774799e+02 +3.055774799e+02 +2.4051e+00 +2.6631e+00 -7.0444e-01
134 0 +7.566399802e+00 +3.052963998e+02 +3.052963998e+02 +2.1310e+00 +2.3725e+00 -6.7574e-01
151 0 +7.397559804e+00 +3.051275598e+02 +3.051275598e+02 +2.2007e+00 +2.4239e+00 -5.7652e-01
330 0 +3.511393923e+00 +3.012413939e+02 +3.012413939e+02 -2.0395e+00 +3.4018e-01 +4.2258e+00
331 0 +2.808333745e+00 +3.005383337e+02 +3.005383337e+02 -2.4774e+00 +3.7244e-01 +3.9269e+00
332 0 +2.083898855e+00 +2.998138989e+02 +2.998138989e+02 -3.8033e+00 +4.5863e-01 +3.8526e+00
333 0 +4.954914025e-01 +2.982254914e+02 +2.982254914e+02 -4.4111e+00 +4.6548e-01 +4.0396e+00
337 0 +4.028217773e-01 +2.981328218e+02 +2.981328218e+02 -3.3350e+00 +4.1943e-01 +4.1315e+00
338 0 +1.064844015e-01 +2.978364844e+02 +2.978364844e+02 -5.1457e+00 +5.1261e-01 +4.4080e+00
341 0 +1.487154411e-02 +2.977448715e+02 +2.977448715e+02 -4.9874e+00 +5.1890e-01 +4.2063e+00
347 0 +1.275900161e-02 +2.977427590e+02 +2.977427590e+02 -4.2406e+00 +4.8138e-01 +4.1892e+00
349 0 +9.749008929e-03 +2.977397490e+02 +2.977397490e+02 -4.4874e+00 +4.9037e-01 +4.2803e+00
352 0 +4.248478774e-03 +2.977342485e+02 +2.977342485e+02 -4.7871e+00 +5.0974e-01 +4.2187e+00
354 0 +3.688199540e-03 +2.977336882e+02 +2.977336882e+02 -4.7688e+00 +5.1192e-01 +4.2265e+00
362 0 +3.611167333e-03 +2.977336112e+02 +2.977336112e+02 -4.5711e+00 +4.9881e-01 +4.2247e+00
378 0 +3.546239006e-03 +2.977335462e+02 +2.977335462e+02 -4.6212e+00 +5.0303e-01 +4.2301e+00
386 0 +3.438178939e-03 +2.977334382e+02 +2.977334382e+02 -4.6155e+00 +5.0709e-01 +4.2195e+00
387 0 +3.386230791e-03 +2.977333862e+02 +2.977333862e+02 -4.6218e+00 +5.0933e-01 +4.2151e+00
389 0 +3.200979399e-03 +2.977332010e+02 +2.977332010e+02 -4.5384e+00 +5.0894e-01 +4.2122e+00
391 0 +2.813580741e-03 +2.977328136e+02 +2.977328136e+02 -4.5572e+00 +5.1434e-01 +4.2010e+00
392 0 +2.366320521e-03 +2.977323663e+02 +2.977323663e+02 -4.5585e+00 +5.1967e-01 +4.1927e+00
394 0 +2.230597583e-03 +2.977322306e+02 +2.977322306e+02 -4.5223e+00 +5.2070e-01 +4.1951e+00
395 0 +2.071869895e-03 +2.977320719e+02 +2.977320719e+02 -4.5298e+00 +5.2668e-01 +4.1924e+00
396 0 +1.290547367e-03 +2.977312905e+02 +2.977312905e+02 -4.4855e+00 +5.3234e-01 +4.1702e+00
397 0 +9.740316277e-04 +2.977309740e+02 +2.977309740e+02 -4.4591e+00 +5.4404e-01 +4.1493e+00
401 0 +8.931514690e-04 +2.977308932e+02 +2.977308932e+02 -4.3770e+00 +5.6995e-01 +4.1076e+00
402 0 +8.397472550e-04 +2.977308397e+02 +2.977308397e+02 -4.2736e+00 +5.8259e-01 +4.0775e+00
403 0 +4.834489901e-04 +2.977304834e+02 +2.977304834e+02 -4.3266e+00 +5.7426e-01 +4.0822e+00
404 0 +2.334988513e-04 +2.977302335e+02 +2.977302335e+02 -4.2449e+00 +5.8276e-01 +4.0498e+00
406 0 +1.647296329e-04 +2.977301647e+02 +2.977301647e+02 -3.9930e+00 +6.1215e-01 +3.9806e+00
408 0 +1.561542709e-04 +2.977301562e+02 +2.977301562e+02 -3.9914e+00 +5.9331e-01 +3.9878e+00
410 0 +1.673591589e-05 +2.977300167e+02 +2.977300167e+02 -3.9933e+00 +6.2320e-01 +3.9447e+00
411 0 +1.717647024e-06 +2.977300017e+02 +2.977300017e+02 -3.9101e+00 +6.5033e-01 +3.8832e+00
415 0 +1.267860966e-06 +2.977300013e+02 +2.977300013e+02 -3.6674e+00 +6.8235e-01 +3.7905e+00
417 0 +9.493841731e-07 +2.977300009e+02 +2.977300009e+02 -3.7272e+00 +6.5821e-01 +3.8437e+00
419 0 +6.400139227e-07 +2.977300006e+02 +2.977300006e+02 -3.7497e+00 +6.5843e-01 +3.8367e+00
421 0 +8.961649201e-09 +2.977300000e+02 +2.977300000e+02 -3.8124e+00 +6.5833e-01 +3.8534e+00
460 0 +0.000000000e+00 +2.977300000e+02 +2.977300000e+02 -3.7836e+00 +6.6075e-01 +3.8440e+00
% f evaluations | g evaluations | best noise-free fitness - Fopt (5.157000000000e+01) + sum g_i+ | measured fitness | best measured fitness or single-digit g-values | x1 | x2...
1 0 +6.905006003e+01 +1.206200600e+02 +1.206200600e+02 +0.0000e+00 +0.0000e+00 +0.0000e+00
2 0 +6.905003096e+01 +1.206200310e+02 +1.206200310e+02 +2.5000e-04 +0.0000e+00 +0.0000e+00
35 0 +6.715895360e+01 +1.187289536e+02 +1.187289536e+02 +3.0000e-03 -9.3000e-02 +1.7058e-01
38 0 +6.573870475e+01 +1.173087047e+02 +1.173087047e+02 +6.4537e-03 -1.5547e-01 +2.8656e-01
39 0 +6.429831989e+01 +1.158683199e+02 +1.158683199e+02 +9.5278e-03 -2.1392e-01 +3.9386e-01
41 0 +6.126699461e+01 +1.128369946e+02 +1.128369946e+02 +8.7500e-03 -3.2250e-01 +5.9550e-01
42 0 +6.023000220e+01 +1.118000022e+02 +1.118000022e+02 +1.1519e-02 -3.5611e-01 +6.5910e-01
43 0 +5.621442614e+01 +1.077844261e+02 +1.077844261e+02 +1.5778e-02 -4.8767e-01 +9.0336e-01
44 0 +5.463694796e+01 +1.062069480e+02 +1.062069480e+02 +1.9204e-02 -5.4547e-01 +1.0066e+00
45 0 +5.064191474e+01 +1.022119147e+02 +1.022119147e+02 +2.7056e-02 -7.4958e-01 +1.3824e+00
49 0 +4.160749009e+01 +9.317749009e+01 +9.317749009e+01 +4.3086e-02 -1.2646e+00 +2.3338e+00
50 0 +2.426030582e+01 +7.583030582e+01 +7.583030582e+01 +5.6741e-02 -1.6531e+00 +3.0490e+00
67 0 +2.393570928e+01 +7.550570928e+01 +7.550570928e+01 +5.8204e-02 -1.7030e+00 +3.1416e+00
130 0 +2.329737965e+01 +7.486737965e+01 +7.486737965e+01 +8.9887e-02 -1.7335e+00 +3.1555e+00
134 0 +2.290092189e+01 +7.447092189e+01 +7.447092189e+01 +1.1326e-01 -1.7094e+00 +3.0770e+00
139 0 +2.192455115e+01 +7.349455115e+01 +7.349455115e+01 +1.7319e-01 -1.7000e+00 +2.9754e+00
140 0 +2.132577095e+01 +7.289577095e+01 +7.289577095e+01 +2.0602e-01 -1.7106e+00 +2.9499e+00
144 0 +1.985986795e+01 +7.142986795e+01 +7.142986795e+01 +3.1089e-01 -1.6967e+00 +2.7771e+00
145 0 +1.855913106e+01 +7.012913106e+01 +7.012913106e+01 +3.8760e-01 -1.7157e+00 +2.7064e+00
148 0 +1.819597544e+01 +6.976597544e+01 +6.976597544e+01 +6.7056e-01 -1.6191e+00 +2.1277e+00
149 0 +1.532860639e+01 +6.689860639e+01 +6.689860639e+01 +6.7140e-01 -1.7130e+00 +2.3053e+00
150 0 +1.304158701e+01 +6.461158701e+01 +6.461158701e+01 +8.5788e-01 -1.7515e+00 +2.1185e+00
153 0 +1.138488931e+01 +6.295488931e+01 +6.295488931e+01 +1.3009e+00 -1.7943e+00 +1.5819e+00
154 0 +1.042854065e+01 +6.199854065e+01 +6.199854065e+01 +1.6161e+00 -1.8818e+00 +1.3090e+00
155 0 +1.008548502e+01 +6.165548502e+01 +6.165548502e+01 +1.0179e+00 -1.8909e+00 +2.1607e+00
157 0 +8.642942414e+00 +6.021294241e+01 +6.021294241e+01 +1.4472e+00 -1.9805e+00 +1.7325e+00
169 0 +8.486062840e+00 +6.005606284e+01 +6.005606284e+01 +1.7092e+00 -2.1014e+00 +1.5971e+00
314 0 +8.306902239e+00 +5.987690224e+01 +5.987690224e+01 +1.5818e+00 -2.0303e+00 +1.6939e+00
322 0 +8.105437911e+00 +5.967543791e+01 +5.967543791e+01 +1.6276e+00 -2.0178e+00 +1.6920e+00
325 0 +7.813852330e+00 +5.938385233e+01 +5.938385233e+01 +1.6856e+00 -1.9635e+00 +1.6535e+00
327 0 +7.642082547e+00 +5.921208255e+01 +5.921208255e+01 +1.7443e+00 -1.9526e+00 +1.6476e+00
328 0 +7.432926505e+00 +5.900292650e+01 +5.900292650e+01 +1.7841e+00 -1.9211e+00 +1.6595e+00
329 0 +7.360617780e+00 +5.893061778e+01 +5.893061778e+01 +1.8477e+00 -1.8964e+00 +1.5593e+00
330 0 +7.061180838e+00 +5.863118084e+01 +5.863118084e+01 +1.9462e+00 -1.8388e+00 +1.4934e+00
332 0 +6.704088577e+00 +5.827408858e+01 +5.827408858e+01 +1.8609e+00 -1.7685e+00 +1.6817e+00
333 0 +6.395454064e+00 +5.796545406e+01 +5.796545406e+01 +2.0419e+00 -1.7221e+00 +1.5696e+00
334 0 +6.094953603e+00 +5.766495360e+01 +5.766495360e+01 +2.2201e+00 -1.6015e+00 +1.5276e+00
335 0 +5.751759686e+00 +5.732175969e+01 +5.732175969e+01 +2.2340e+00 -1.5514e+00 +1.4756e+00
342 0 +5.427471568e+00 +5.699747157e+01 +5.699747157e+01 +2.2869e+00 -1.4580e+00 +1.4298e+00
343 0 +5.219974887e+00 +5.678997489e+01 +5.678997489e+01 +2.3204e+00 -1.3863e+00 +1.3809e+00
351 0 +5.122302173e+00 +5.669230217e+01 +5.669230217e+01 +2.2019e+00 -1.2589e+00 +1.4391e+00
511 0 +4.408867073e+00 +5.597886707e+01 +5.597886707e+01 +2.1686e+00 -9.0832e-01 +4.7024e+00
512 0 +3.412336864e+00 +5.498233686e+01 +5.498233686e+01 +2.1716e+00 -9.9256e-01 +4.7388e+00
514 0 +2.978673715e+00 +5.454867372e+01 +5.454867372e+01 +2.1345e+00 -1.3576e+00 +4.2874e+00
515 0 +2.260425164e+00 +5.383042516e+01 +5.383042516e+01 +1.9500e+00 -1.0586e+00 +4.5191e+00
516 0 +2.052191514e+00 +5.362219151e+01 +5.362219151e+01 +1.7850e+00 -1.0815e+00 +4.4928e+00
517 0 +1.846727633e+00 +5.341672763e+01 +5.341672763e+01 +2.0217e+00 -1.5308e+00 +4.4027e+00
518 0 +1.241658743e+00 +5.281165874e+01 +5.281165874e+01 +2.0131e+00 -1.9176e+00 +4.2991e+00
523 0 +9.190883964e-01 +5.248908840e+01 +5.248908840e+01 +1.8094e+00 -1.6431e+00 +4.5911e+00
525 0 +8.150281042e-01 +5.238502810e+01 +5.238502810e+01 +1.8163e+00 -2.1530e+00 +4.4143e+00
528 0 +8.061143248e-01 +5.237611432e+01 +5.237611432e+01 +1.7331e+00 -1.9105e+00 +4.3313e+00
530 0 +7.585889679e-01 +5.232858897e+01 +5.232858897e+01 +1.8997e+00 -1.9099e+00 +4.3723e+00
532 0 +7.285442083e-01 +5.229854421e+01 +5.229854421e+01 +1.8129e+00 -1.8171e+00 +4.4819e+00
534 0 +7.126593328e-01 +5.228265933e+01 +5.228265933e+01 +1.8158e+00 -2.0161e+00 +4.4047e+00
537 0 +7.058364493e-01 +5.227583645e+01 +5.227583645e+01 +1.8800e+00 -1.9136e+00 +4.4186e+00
% f evaluations | g evaluations | best noise-free fitness - Fopt (1.527100000000e+02) + sum g_i+ | measured fitness | best measured fitness or single-digit g-values | x1 | x2...
1 0 +6.938188894e+01 +2.220918889e+02 +2.220918889e+02 +0.0000e+00 +0.0000e+00 +0.0000e+00
5 0 +6.937997177e+01 +2.220899718e+02 +2.220899718e+02 +1.6667e-04 -2.5000e-04 +1.6667e-04
24 0 +6.915280786e+01 +2.218628079e+02 +2.218628079e+02 +6.7500e-03 -2.3500e-02 +3.5000e-03
34 0 +6.739734544e+01 +2.201073454e+02 +2.201073454e+02 +5.7333e-02 -1.9433e-01 +3.0917e-02
37 0 +6.580435572e+01 +2.185143557e+02 +2.185143557e+02 +9.6139e-02 -3.3117e-01 +5.3917e-02
38 0 +6.416841091e+01 +2.168784109e+02 +2.168784109e+02 +1.3225e-01 -4.5450e-01 +7.4250e-02
40 0 +6.040424912e+01 +2.131142491e+02 +2.131142491e+02 +2.0008e-01 -6.8750e-01 +1.0950e-01
41 0 +5.892591916e+01 +2.116359192e+02 +2.116359192e+02 +2.2111e-01 -7.6633e-01 +1.2358e-01
42 0 +5.296584144e+01 +2.056758414e+02 +2.056758414e+02 +3.0300e-01 -1.0523e+00 +1.6992e-01
43 0 +4.766686602e+01 +2.003768660e+02 +2.003768660e+02 +3.3822e-01 -1.1639e+00 +1.8778e-01
44 0 +2.922238395e+01 +1.819323840e+02 +1.819323840e+02 +4.6467e-01 -1.5963e+00 +2.5767e-01
45 0 +2.650928892e+01 +1.792192889e+02 +1.792192889e+02 +5.1292e-01 -1.7696e+00 +2.8381e-01
46 0 +2.203451102e+01 +1.747445110e+02 +1.747445110e+02 +7.0325e-01 -2.4272e+00 +3.8858e-01
47 0 +1.778532994e+01 +1.704953299e+02 +1.704953299e+02 +7.8053e-01 -2.6964e+00 +4.3461e-01
54 0 +1.663309939e+01 +1.693430994e+02 +1.693430994e+02 +8.1563e-01 -2.8138e+00 +4.5152e-01
56 0 +1.616525615e+01 +1.688752562e+02 +1.688752562e+02 +9.3579e-01 -3.2283e+00 +5.1851e-01
62 0 +1.577268977e+01 +1.684826898e+02 +1.684826898e+02 +8.5636e-01 -2.9539e+00 +4.7440e-01
116 0 +1.546240701e+01 +1.681724070e+02 +1.681724070e+02 +8.9296e-01 -3.0973e+00 +5.0086e-01
124 0 +1.509368936e+01 +1.678036894e+02 +1.678036894e+02 +8.8255e-01 -3.1006e+00 +5.0811e-01
127 0 +1.473814033e+01 +1.674481403e+02 +1.674481403e+02 +8.6204e-01 -3.0612e+00 +5.0718e-01
128 0 +1.442819215e+01 +1.671381921e+02 +1.671381921e+02 +8.5164e-01 -3.0573e+00 +5.1211e-01
130 0 +1.392207832e+01 +1.666320783e+02 +1.666320783e+02 +8.3965e-01 -3.0718e+00 +5.2383e-01
131 0 +1.376878639e+01 +1.664787864e+02 +1.664787864e+02 +8.1719e-01 -3.0085e+00 +5.1604e-01
132 0 +1.321353134e+01 +1.659235313e+02 +1.659235313e+02 +7.8451e-01 -2.9624e+00 +5.2000e-01
133 0 +1.280757992e+01 +1.655175799e+02 +1.655175799e+02 +7.9221e-01 -3.0265e+00 +5.3700e-01
134 0 +1.187499285e+01 +1.645849928e+02 +1.645849928e+02 +7.5915e-01 -3.0224e+00 +5.5535e-01
135 0 +1.161486288e+01 +1.643248629e+02 +1.643248629e+02 +7.3724e-01 -2.9805e+00 +5.5401e-01
136 0 +1.048972038e+01 +1.631997204e+02 +1.631997204e+02 +6.8003e-01 -2.9421e+00 +5.7497e-01
137 0 +1.018385792e+01 +1.628938579e+02 +1.628938579e+02 +6.4282e-01 -2.8795e+00 +5.7639e-01
138 0 +9.143599424e+00 +1.618535994e+02 +1.618535994e+02 +5.4440e-01 -2.7834e+00 +6.0267e-01
139 0 +8.483938754e+00 +1.611939388e+02 +1.611939388e+02 +5.3788e-01 -2.8696e+00 +6.3532e-01
140 0 +7.394542390e+00 +1.601045424e+02 +1.601045424e+02 +4.1456e-01 -2.8232e+00 +6.9298e-01
142 0 +6.470770672e+00 +1.591807707e+02 +1.591807707e+02 +1.2068e-01 -2.5039e+00 +7.5991e-01
143 0 +5.931235721e+00 +1.586412357e+02 +1.586412357e+02 +3.9728e-02 -2.4648e+00 +7.9541e-01
145 0 +4.409831488e+00 +1.571198315e+02 +1.571198315e+02 -1.6109e-01 -2.4112e+00 +8.9620e-01
150 0 +4.026055648e+00 +1.567360556e+02 +1.567360556e+02 -9.9956e-02 -2.4828e+00 +8.8447e-01
151 0 +3.497591581e+00 +1.562075916e+02 +1.562075916e+02 -4.6126e-02 -2.5850e+00 +8.8707e-01
153 0 +3.015526188e+00 +1.557255262e+02 +1.557255262e+02 -6.7833e-02 -2.6494e+00 +9.2113e-01
155 0 +2.691786383e+00 +1.554017864e+02 +1.554017864e+02 -1.8458e-01 -2.6627e+00 +9.9556e-01
168 0 +2.685202874e+00 +1.553952029e+02 +1.553952029e+02 -2.3028e-01 -2.6552e+00 +1.0198e+00
258 0 +2.627401457e+00 +1.553374015e+02 +1.553374015e+02 -1.6920e-01 -2.6441e+00 +1.1050e+00
% f evaluations | g evaluations | best noise-free fitness - Fopt (9.980000000000e+01) + sum g_i+ | measured fitness | best measured fitness or single-digit g-values | x1 | x2...
1 0 +7.077945107e+01 +1.705794511e+02 +1.705794511e+02 +0.0000e+00 +0.0000e+00 +0.0000e+00
2 0 +7.077855332e+01 +1.705785533e+02 +1.705785533e+02 +2.5000e-04 +0.0000e+00 +0.0000e+00
32 0 +6.907517068e+01 +1.688751707e+02 +1.688751707e+02 +7.1167e-02 +3.7417e-02 -1.3017e-01
36 0 +6.647098332e+01 +1.662709833e+02 +1.662709833e+02 +1.6592e-01 +8.5333e-02 -2.9900e-01
37 0 +6.590099176e+01 +1.657009918e+02 +1.657009918e+02 +1.8136e-01 +9.6139e-02 -3.3117e-01
38 0 +6.330280430e+01 +1.631028043e+02 +1.631028043e+02 +2.4825e-01 +1.3225e-01 -4.5450e-01
39 0 +6.209347379e+01 +1.618934738e+02 +1.618934738e+02 +2.7583e-01 +1.4586e-01 -5.0172e-01
40 0 +5.600203445e+01 +1.558020345e+02 +1.558020345e+02 +3.7817e-01 +2.0008e-01 -6.8750e-01
41 0 +5.272282193e+01 +1.525228219e+02 +1.525228219e+02 +4.2189e-01 +2.2111e-01 -7.6633e-01
42 0 +3.877265193e+01 +1.385726519e+02 +1.385726519e+02 +5.7967e-01 +3.0300e-01 -1.0523e+00
43 0 +3.360373887e+01 +1.334037389e+02 +1.334037389e+02 +6.3814e-01 +3.3822e-01 -1.1639e+00
44 0 +2.012582028e+01 +1.199258203e+02 +1.199258203e+02 +8.7425e-01 +4.6467e-01 -1.5963e+00
45 0 +1.589498940e+01 +1.156949894e+02 +1.156949894e+02 +9.7314e-01 +5.1292e-01 -1.7696e+00
46 0 +7.473051910e+00 +1.072730519e+02 +1.072730519e+02 +1.3356e+00 +7.0325e-01 -2.4272e+00
47 0 +6.654477102e+00 +1.064544771e+02 +1.064544771e+02 +1.4815e+00 +7.8053e-01 -2.6964e+00
60 0 +6.601938662e+00 +1.064019387e+02 +1.064019387e+02 +1.5753e+00 +8.3036e-01 -2.8659e+00
123 0 +6.428202717e+00 +1.062282027e+02 +1.062282027e+02 +1.5407e+00 +8.3593e-01 -2.8012e+00
127 0 +6.239803962e+00 +1.060398040e+02 +1.060398040e+02 +1.5385e+00 +8.6656e-01 -2.7949e+00
129 0 +6.056639169e+00 +1.058566392e+02 +1.058566392e+02 +1.5296e+00 +8.9151e-01 -2.7745e+00
130 0 +6.020161489e+00 +1.058201615e+02 +1.058201615e+02 +1.5098e+00 +8.9223e-01 -2.7381e+00
131 0 +5.841272522e+00 +1.056412725e+02 +1.056412725e+02 +1.4943e+00 +9.2039e-01 -2.7065e+00
132 0 +5.688927157e+00 +1.054889272e+02 +1.054889272e+02 +1.5338e+00 +9.5147e-01 -2.7777e+00
133 0 +5.345851061e+00 +1.051458511e+02 +1.051458511e+02 +1.5468e+00 +1.0101e+00 -2.7968e+00
135 0 +4.817817178e+00 +1.046178172e+02 +1.046178172e+02 +1.4938e+00 +1.0889e+00 -2.6881e+00
136 0 +4.635835582e+00 +1.044358356e+02 +1.044358356e+02 +1.4937e+00 +1.1214e+00 -2.6865e+00
137 0 +4.127228766e+00 +1.039272288e+02 +1.039272288e+02 +1.4758e+00 +1.2364e+00 -2.6424e+00
138 0 +3.715909199e+00 +1.035159092e+02 +1.035159092e+02 +1.5166e+00 +1.3032e+00 -2.7117e+00
139 0 +3.104644548e+00 +1.029046445e+02 +1.029046445e+02 +1.5277e+00 +1.4946e+00 -2.7143e+00
141 0 +3.024262546e+00 +1.028242625e+02 +1.028242625e+02 +1.4762e+00 +1.7561e+00 -2.5940e+00
143 0 +2.959960914e+00 +1.027599609e+02 +1.027599609e+02 +1.4944e+00 +1.9551e+00 -2.6074e+00
145 0 +2.682314626e+00 +1.024823146e+02 +1.024823146e+02 +1.5475e+00 +1.9340e+00 -2.7107e+00
155 0 +2.616862355e+00 +1.024168624e+02 +1.024168624e+02 +1.5827e+00 +1.9629e+00 -2.7733e+00
370 0 +2.501462160e+00 +1.023014622e+02 +1.023014622e+02 -4.2714e+00 -4.4210e+00 +3.1125e+00
371 0 +2.450821809e+00 +1.022508218e+02 +1.022508218e+02 -4.4167e+00 -4.5014e+00 +3.0406e+00
374 0 +2.335243968e+00 +1.021352440e+02 +1.021352440e+02 -4.4898e+00 -4.3962e+00 +3.0163e+00
392 0 +2.290011281e+00 +1.020900113e+02 +1.020900113e+02 -4.4129e+00 -4.4315e+00 +3.0221e+00
398 0 +2.235565893e+00 +1.020355659e+02 +1.020355659e+02 -4.3210e+00 -4.4102e+00 +2.9941e+00
400 0 +2.154236130e+00 +1.019542361e+02 +1.019542361e+02 -4.3507e+00 -4.4165e+00 +2.9133e+00
405 0 +2.106384628e+00 +1.019063846e+02 +1.019063846e+02 -4.2451e+00 -4.4110e+00 +2.8568e+00
406 0 +2.078693809e+00 +1.018786938e+02 +1.018786938e+02 -4.2054e+00 -4.4310e+00 +2.8209e+00
410 0 +2.023671972e+00 +1.018236720e+02 +1.018236720e+02 -4.1558e+00 -4.4658e+00 +2.6638e+00
413 0 +1.975167818e+00 +1.017751678e+02 +1.017751678e+02 -3.8970e+00 -4.4866e+00 +2.3591e+00
% f evaluations | g evaluations | best noise-free fitness - Fopt (-1.194100000000e+02) + sum g_i+ | measured fitness | best measured fitness or single-digit g-values | x1 | x2...
1 0 +6.672530806e+01 -5.268469194e+01 -5.268469194e+01 +0.0000e+00 +0.0000e+00 +0.0000e+00
3 0 +6.672518135e+01 -5.268481865e+01 -5.268481865e+01 +0.0000e+00 +2.5000e-04 +0.0000e+00
25 0 +6.598272654e+01 -5.342727346e+01 -5.342727346e+01 -3.2833e-02 +4.0833e-03 +1.8833e-02
31 0 +6.382704947e+01 -5.558295053e+01 -5.558295053e+01 -1.1717e-01 +1.5917e-02 +6.5917e-02
33 0 +6.197414242e+01 -5.743585758e+01 -5.743585758e+01 -1.7950e-01 +2.6750e-02 +9.8500e-02
34 0 +6.134669677e+01 -5.806330323e+01 -5.806330323e+01 -1.9811e-01 +2.7778e-02 +1.0936e-01
35 0 +5.864494282e+01 -6.076505718e+01 -6.076505718e+01 -2.7167e-01 +3.7667e-02 +1.4992e-01
36 0 +5.739202910e+01 -6.201797090e+01 -6.201797090e+01 -3.0189e-01 +4.2556e-02 +1.6756e-01
37 0 +5.226887237e+01 -6.714112763e+01 -6.714112763e+01 -4.1433e-01 +5.8333e-02 +2.3033e-01
38 0 +5.009183865e+01 -6.931816135e+01 -6.931816135e+01 -4.5983e-01 +6.5917e-02 +2.5325e-01
39 0 +4.170091194e+01 -7.770908806e+01 -7.770908806e+01 -6.3117e-01 +9.0917e-02 +3.4692e-01
40 0 +3.866684017e+01 -8.074315983e+01 -8.074315983e+01 -6.9861e-01 +9.7861e-02 +3.8628e-01
41 0 +3.039461670e+01 -8.901538330e+01 -8.901538330e+01 -9.5817e-01 +1.3342e-01 +5.3017e-01
42 0 +2.850081339e+01 -9.090918661e+01 -9.090918661e+01 -1.0641e+00 +1.5078e-01 +5.8836e-01
43 0 +2.343638772e+01 -9.597361228e+01 -9.597361228e+01 -1.4603e+00 +2.0733e-01 +8.0758e-01
44 0 +1.762392922e+01 -1.017860708e+02 -1.017860708e+02 -1.6188e+00 +2.2944e-01 +8.9278e-01
45 0 +4.144641976e+00 -1.152653580e+02 -1.152653580e+02 -2.2210e+00 +3.1500e-01 +1.2240e+00
46 0 +2.185047806e+00 -1.172249522e+02 -1.172249522e+02 -2.4618e+00 +3.4625e-01 +1.3609e+00
60 0 +2.123692229e+00 -1.172863078e+02 -1.172863078e+02 -2.6953e+00 +3.8133e-01 +1.4879e+00
74 0 +2.086192020e+00 -1.173238080e+02 -1.173238080e+02 -2.6337e+00 +3.7142e-01 +1.4551e+00
95 0 +2.031756535e+00 -1.173782435e+02 -1.173782435e+02 -2.6757e+00 +3.7118e-01 +1.4861e+00
99 0 +1.977013744e+00 -1.174329863e+02 -1.174329863e+02 -2.6144e+00 +3.5416e-01 +1.4626e+00
101 0 +1.921748716e+00 -1.174882513e+02 -1.174882513e+02 -2.7814e+00 +3.7011e-01 +1.5645e+00
102 0 +1.815826015e+00 -1.175941740e+02 -1.175941740e+02 -2.6964e+00 +3.5574e-01 +1.5202e+00
103 0 +1.511222564e+00 -1.178987774e+02 -1.178987774e+02 -2.7067e+00 +3.4802e-01 +1.5372e+00
104 0 +1.356448892e+00 -1.180535511e+02 -1.180535511e+02 -2.7394e+00 +3.4875e-01 +1.5604e+00
105 0 +8.200934645e-01 -1.185899065e+02 -1.185899065e+02 -2.7779e+00 +3.4008e-01 +1.5995e+00
107 0 +5.106819561e-01 -1.188993180e+02 -1.188993180e+02 -2.8059e+00 +3.2283e-01 +1.6410e+00
108 0 +3.829381135e-01 -1.190270619e+02 -1.190270619e+02 -2.8182e+00 +2.9919e-01 +1.6792e+00
109 0 +3.356875910e-01 -1.190743124e+02 -1.190743124e+02 -2.9548e+00 +3.1237e-01 +1.7629e+00
110 0 +1.416428315e-01 -1.192683572e+02 -1.192683572e+02 -3.0789e+00 +2.9454e-01 +1.8757e+00
111 0 +1.346235668e-01 -1.192753764e+02 -1.192753764e+02 -2.8871e+00 +2.7123e-01 +1.7648e+00
112 0 +1.297855578e-01 -1.192802144e+02 -1.192802144e+02 -2.8824e+00 +2.3119e-01 +1.8115e+00
113 0 +1.146163764e-01 -1.192953836e+02 -1.192953836e+02 -3.0751e+00 +2.0987e-01 +1.9782e+00
116 0 +9.618748319e-02 -1.193138125e+02 -1.193138125e+02 -3.1091e+00 +2.1821e-01 +1.9931e+00
118 0 +7.221904159e-02 -1.193377810e+02 -1.193377810e+02 -3.0506e+00 +2.5715e-01 +1.9017e+00
127 0 +6.877006436e-02 -1.193412299e+02 -1.193412299e+02 -3.1258e+00 +2.5057e-01 +1.9650e+00
129 0 +6.744303835e-02 -1.193425570e+02 -1.193425570e+02 -3.1114e+00 +2.4076e-01 +1.9666e+00
137 0 +6.597836434e-02 -1.193440216e+02 -1.193440216e+02 -3.0973e+00 +2.4476e-01 +1.9513e+00
238 0 +6.435660192e-02 -1.193456434e+02 -1.193456434e+02 -3.0924e+00 +2.4373e-01 +1.9737e+00
245 0 +6.268011039e-02 -1.193473199e+02 -1.193473199e+02 -3.0700e+00 +2.4269e-01 +1.9847e+00
250 0 +6.149488320e-02 -1.193485051e+02 -1.193485051e+02 -3.0107e+00 +2.4120e-01 +1.9954e+00
252 0 +5.976559184e-02 -1.193502344e+02 -1.193502344e+02 -3.0565e+00 +2.4650e-01 +1.9934e+00
254 0 +5.829637024e-02 -1.193517036e+02 -1.193517036e+02 -3.0170e+00 +2.4399e-01 +2.0356e+00
255 0 +5.660711848e-02 -1.193533929e+02 -1.193533929e+02 -2.9974e+00 +2.4562e-01 +2.0261e+00
256 0 +5.444064238e-02 -1.193555594e+02 -1.193555594e+02 -2.9668e+00 +2.4735e-01 +2.0442e+00
258 0 +5.321607791e-02 -1.193567839e+02 -1.193567839e+02 -3.0188e+00 +2.5545e-01 +2.0822e+00
259 0 +5.155388329e-02 -1.193584461e+02 -1.193584461e+02 -2.9452e+00 +2.5137e-01 +2.1146e+00
260 0 +5.113517385e-02 -1.193588648e+02 -1.193588648e+02 -2.8896e+00 +2.5380e-01 +2.1752e+00
261 0 +4.558115384e-02 -1.193644188e+02 -1.193644188e+02 -2.8998e+00 +2.6040e-01 +2.1655e+00
262 0 +4.129289884e-02 -1.193687071e+02 -1.193687071e+02 -2.8411e+00 +2.6861e-01 +2.2305e+00
268 0 +3.477467970e-02 -1.193752253e+02 -1.193752253e+02 -2.7824e+00 +2.8592e-01 +2.3120e+00
269 0 +2.902394739e-02 -1.193809761e+02 -1.193809761e+02 -2.7405e+00 +2.9327e-01 +2.3274e+00
271 0 +2.743030735e-02 -1.193825697e+02 -1.193825697e+02 -2.5541e+00 +3.1147e-01 +2.5363e+00
273 0 +1.755621844e-02 -1.193924438e+02 -1.193924438e+02 -2.5584e+00 +3.0688e-01 +2.4305e+00
274 0 +1.421893339e-02 -1.193957811e+02 -1.193957811e+02 -2.4758e+00 +3.1606e-01 +2.4377e+00
276 0 +1.150887180e-02 -1.193984911e+02 -1.193984911e+02 -2.3138e+00 +3.4210e-01 +2.6293e+00
277 0 +4.910115580e-03 -1.194050899e+02 -1.194050899e+02 -2.1005e+00 +3.6651e-01 +2.7802e+00
278 0 +3.757036244e-03 -1.194062430e+02 -1.194062430e+02 -2.1978e+00 +3.6059e-01 +2.5831e+00
279 0 +3.622572276e-03 -1.194063774e+02 -1.194063774e+02 -2.0197e+00 +3.8515e-01 +2.6064e+00
280 0 +1.272189128e-03 -1.194087278e+02 -1.194087278e+02 -1.8458e+00 +3.8628e-01 +2.7551e+00
282 0 +5.411449767e-05 -1.194099459e+02 -1.194099459e+02 -1.5015e+00 +4.4258e-01 +2.9902e+00
291 0 +1.448351881e-06 -1.194099986e+02 -1.194099986e+02 -1.2020e+00 +4.7732e-01 +3.2450e+00
299 0 +7.770938737e-08 -1.194099999e+02 -1.194099999e+02 -1.2883e+00 +4.7200e-01 +3.1776e+00
305 0 +3.813445915e-08 -1.194100000e+02 -1.194100000e+02 -1.2435e+00 +4.7398e-01 +3.2102e+00
307 0 +1.114470649e-08 -1.194100000e+02 -1.194100000e+02 -1.2592e+00 +4.7304e-01 +3.1913e+00
309 0 +6.536239994e-09 -1.194100000e+02 -1.194100000e+02 -1.3009e+00 +4.6836e-01 +3.1679e+00
347 0 +0.000000000e+00 -1.194100000e+02 -1.194100000e+02 -1.2759e+00 +4.7142e-01 +3.1889e+00
% f evaluations | g evaluations | best noise-free fitness - Fopt (1.077000000000e+01) + sum g_i+ | measured fitness | best measured fitness or single-digit g-values | x1 | x2...
1 0 +2.892629566e+01 +3.969629566e+01 +3.969629566e+01 +0.0000e+00 +0.0000e+00 +0.0000e+00
2 0 +2.892443651e+01 +3.969443651e+01 +3.969443651e+01 +2.5000e-04 +0.0000e+00 +0.0000e+00
15 0 +2.882463985e+01 +3.959463985e+01 +3.959463985e+01 +1.6667e-03 -1.0000e-03 -2.6667e-03
25 0 +2.803463576e+01 +3.880463576e+01 +3.880463576e+01 +1.5167e-02 -1.0250e-02 -2.3167e-02
28 0 +2.743856112e+01 +3.820856112e+01 +3.820856112e+01 +2.6250e-02 -1.6417e-02 -4.1167e-02
30 0 +2.676866563e+01 +3.753866563e+01 +3.753866563e+01 +3.8889e-02 -2.5333e-02 -6.1556e-02
31 0 +2.609138715e+01 +3.686138715e+01 +3.686138715e+01 +5.3000e-02 -3.5000e-02 -8.4000e-02
33 0 +2.493085745e+01 +3.570085745e+01 +3.570085745e+01 +8.1833e-02 -5.1250e-02 -1.3183e-01
35 0 +2.351189006e+01 +3.428189006e+01 +3.428189006e+01 +1.2525e-01 -8.1000e-02 -1.9700e-01
36 0 +2.318078857e+01 +3.395078857e+01 +3.395078857e+01 +1.3714e-01 -8.8750e-02 -2.1872e-01
37 0 +2.214058970e+01 +3.291058970e+01 +3.291058970e+01 +1.8758e-01 -1.2175e-01 -2.9983e-01
38 0 +2.187073828e+01 +3.264073828e+01 +3.264073828e+01 +2.1011e-01 -1.3433e-01 -3.3511e-01
56 0 +2.136203985e+01 +3.213203985e+01 +3.213203985e+01 +2.7558e-01 -1.8032e-01 -4.3305e-01
66 0 +2.081299932e+01 +3.158299932e+01 +3.158299932e+01 +2.7543e-01 -1.9364e-01 -4.0923e-01
69 0 +2.035776896e+01 +3.112776896e+01 +3.112776896e+01 +2.9184e-01 -2.1381e-01 -4.1541e-01
71 0 +1.985459815e+01 +3.062459815e+01 +3.062459815e+01 +2.8560e-01 -2.2444e-01 -3.8054e-01
72 0 +1.936020298e+01 +3.013020298e+01 +3.013020298e+01 +2.8828e-01 -2.4074e-01 -3.5903e-01
74 0 +1.866037293e+01 +2.943037293e+01 +2.943037293e+01 +3.5998e-01 -2.9720e-01 -4.5253e-01
75 0 +1.799643881e+01 +2.876643881e+01 +2.876643881e+01 +3.6078e-01 -3.1233e-01 -4.2466e-01
76 0 +1.671157960e+01 +2.748157960e+01 +2.748157960e+01 +4.0181e-01 -3.6759e-01 -4.3502e-01
77 0 +1.638313382e+01 +2.715313382e+01 +2.715313382e+01 +3.8904e-01 -3.7040e-01 -3.9971e-01
78 0 +1.466929124e+01 +2.543929124e+01 +2.543929124e+01 +4.2805e-01 -4.3896e-01 -3.8389e-01
79 0 +1.423646248e+01 +2.500646248e+01 +2.500646248e+01 +5.0494e-01 -4.9509e-01 -4.8859e-01
80 0 +1.246607936e+01 +2.323607936e+01 +2.323607936e+01 +6.1327e-01 -6.2226e-01 -5.5337e-01
81 0 +1.082062506e+01 +2.159062506e+01 +2.159062506e+01 +6.0210e-01 -6.5534e-01 -4.6233e-01
82 0 +8.856395034e+00 +1.962639503e+01 +1.962639503e+01 +7.2315e-01 -8.3440e-01 -4.6723e-01
83 0 +8.568062701e+00 +1.933806270e+01 +1.933806270e+01 +7.7451e-01 -8.9616e-01 -5.0131e-01
84 0 +7.630960960e+00 +1.840096096e+01 +1.840096096e+01 +9.6085e-01 -1.1605e+00 -5.3445e-01
86 0 +1.902313092e-02 +1.078902313e+01 +1.078902313e+01 +1.2451e+00 -1.5782e+00 -5.4962e-01
98 0 +5.854938852e-03 +1.077585494e+01 +1.077585494e+01 +1.2695e+00 -1.6644e+00 -4.6469e-01
101 0 +4.981250487e-03 +1.077498125e+01 +1.077498125e+01 +1.2387e+00 -1.6012e+00 -4.9608e-01
103 0 +3.151575273e-03 +1.077315158e+01 +1.077315158e+01 +1.2721e+00 -1.6403e+00 -5.1476e-01
107 0 +9.482972486e-04 +1.077094830e+01 +1.077094830e+01 +1.2620e+00 -1.6402e+00 -4.8761e-01
115 0 +9.015183429e-04 +1.077090152e+01 +1.077090152e+01 +1.2558e+00 -1.6229e+00 -5.0197e-01
116 0 +8.887676682e-04 +1.077088877e+01 +1.077088877e+01 +1.2522e+00 -1.6224e+00 -4.9296e-01
118 0 +7.556609207e-04 +1.077075566e+01 +1.077075566e+01 +1.2563e+00 -1.6377e+00 -4.7729e-01
122 0 +7.182772454e-04 +1.077071828e+01 +1.077071828e+01 +1.2555e+00 -1.6398e+00 -4.7097e-01
126 0 +5.205247561e-04 +1.077052052e+01 +1.077052052e+01 +1.2524e+00 -1.6375e+00 -4.6703e-01
127 0 +3.918636604e-04 +1.077039186e+01 +1.077039186e+01 +1.2495e+00 -1.6393e+00 -4.5596e-01
130 0 +2.826199953e-04 +1.077028262e+01 +1.077028262e+01 +1.2434e+00 -1.6405e+00 -4.3728e-01
131 0 +2.737571724e-04 +1.077027376e+01 +1.077027376e+01 +1.2374e+00 -1.6409e+00 -4.2044e-01
134 0 +2.640347015e-04 +1.077026403e+01 +1.077026403e+01 +1.2394e+00 -1.6468e+00 -4.1581e-01
140 0 +2.600061503e-04 +1.077026001e+01 +1.077026001e+01 +1.2377e+00 -1.6434e+00 -4.1713e-01
201 0 +2.570082193e-04 +1.077025701e+01 +1.077025701e+01 +1.2376e+00 -1.6452e+00 -4.1282e-01
220 0 +2.497053010e-04 +1.077024971e+01 +1.077024971e+01 +1.2448e+00 -1.6442e+00 -4.1455e-01
224 0 +2.440145997e-04 +1.077024401e+01 +1.077024401e+01 +1.2534e+00 -1.6426e+00 -4.1731e-01
228 0 +2.385297474e-04 +1.077023853e+01 +1.077023853e+01 +1.2574e+00 -1.6426e+00 -4.1209e-01
233 0 +2.331767488e-04 +1.077023318e+01 +1.077023318e+01 +1.2746e+00 -1.6411e+00 -4.0339e-01
235 0 +2.273682640e-04 +1.077022737e+01 +1.077022737e+01 +1.2798e+00 -1.6390e+00 -4.0963e-01
236 0 +2.228134829e-04 +1.077022281e+01 +1.077022281e+01 +1.2858e+00 -1.6371e+00 -4.1326e-01
239 0 +2.102828758e-04 +1.077021028e+01 +1.077021028e+01 +1.2931e+00 -1.6359e+00 -4.0444e-01
240 0 +2.012382735e-04 +1.077020124e+01 +1.077020124e+01 +1.3079e+00 -1.6329e+00 -4.0123e-01
241 0 +1.920681671e-04 +1.077019207e+01 +1.077019207e+01 +1.2971e+00 -1.6320e+00 -4.1617e-01
242 0 +1.778901203e-04 +1.077017789e+01 +1.077017789e+01 +1.3062e+00 -1.6278e+00 -4.2427e-01
243 0 +1.695981187e-04 +1.077016960e+01 +1.077016960e+01 +1.3039e+00 -1.6292e+00 -4.1022e-01
244 0 +1.534516231e-04 +1.077015345e+01 +1.077015345e+01 +1.3129e+00 -1.6252e+00 -4.0870e-01
245 0 +1.201921445e-04 +1.077012019e+01 +1.077012019e+01 +1.3476e+00 -1.6185e+00 -4.1309e-01
246 0 +9.067181442e-05 +1.077009067e+01 +1.077009067e+01 +1.3862e+00 -1.6083e+00 -4.1477e-01
248 0 +7.177370535e-05 +1.077007177e+01 +1.077007177e+01 +1.4014e+00 -1.5999e+00 -4.1178e-01
249 0 +5.359513618e-05 +1.077005360e+01 +1.077005360e+01 +1.4490e+00 -1.5860e+00 -4.0553e-01
250 0 +2.548866842e-05 +1.077002549e+01 +1.077002549e+01 +1.4854e+00 -1.5763e+00 -4.2522e-01
251 0 +6.421300087e-06 +1.077000642e+01 +1.077000642e+01 +1.5716e+00 -1.5518e+00 -4.3348e-01
254 0 +1.585851912e-06 +1.077000159e+01 +1.077000159e+01 +1.7677e+00 -1.5000e+00 -4.3013e-01
256 0 +9.249998314e-07 +1.077000092e+01 +1.077000092e+01 +1.7693e+00 -1.4924e+00 -4.4698e-01
258 0 +2.672369366e-07 +1.077000027e+01 +1.077000027e+01 +1.7279e+00 -1.5085e+00 -4.5898e-01
264 0 +4.541892906e-08 +1.077000005e+01 +1.077000005e+01 +1.7796e+00 -1.4906e+00 -4.5433e-01
266 0 +1.004325156e-08 +1.077000001e+01 +1.077000001e+01 +1.8071e+00 -1.4844e+00 -4.5699e-01
270 0 +3.164339901e-09 +1.077000000e+01 +1.077000000e+01 +1.7589e+00 -1.4982e+00 -4.5900e-01
313 0 +0.000000000e+00 +1.077000000e+01 +1.077000000e+01 +1.7742e+00 -1.4935e+00 -4.5764e-01
% f evaluations | g evaluations | best noise-free fitness - Fopt (2.137000000000e+01) + sum g_i+ | measured fitness | best measured fitness or single-digit g-values | x1 | x2...
1 0 +5.371423740e+01 +7.508423740e+01 +7.508423740e+01 +0.0000e+00 +0.0000e+00 +0.0000e+00
3 0 +5.370952618e+01 +7.507952618e+01 +7.507952618e+01 +0.0000e+00 +2.5000e-04 +0.0000e+00
5 0 +5.370181677e+01 +7.507181677e+01 +7.507181677e+01 -2.5000e-04 +1.6667e-04 +1.6667e-04
25 0 +5.240234234e+01 +7.377234234e+01 +7.377234234e+01 -2.7000e-02 +1.0583e-02 +2.1000e-02
28 0 +5.096741896e+01 +7.233741896e+01 +7.233741896e+01 -5.8000e-02 +2.3000e-02 +4.3250e-02
30 0 +4.956077332e+01 +7.093077332e+01 +7.093077332e+01 -8.6500e-02 +3.5250e-02 +6.6250e-02
32 0 +4.751179707e+01 +6.888179707e+01 +6.888179707e+01 -1.3250e-01 +5.1500e-02 +1.0150e-01
34 0 +4.468042733e+01 +6.605042733e+01 +6.605042733e+01 -2.0300e-01 +8.1250e-02 +1.5300e-01
35 0 +4.387303812e+01 +6.524303812e+01 +6.524303812e+01 -2.2333e-01 +8.9000e-02 +1.7058e-01
36 0 +4.131812439e+01 +6.268812439e+01 +6.268812439e+01 -3.0600e-01 +1.2200e-01 +2.3425e-01
37 0 +4.054847113e+01 +6.191847113e+01 +6.191847113e+01 -3.4117e-01 +1.3458e-01 +2.5958e-01
38 0 +3.885889796e+01 +6.022889796e+01 +6.022889796e+01 -4.6850e-01 +1.8425e-01 +3.5625e-01
78 0 +3.799496969e+01 +5.936496969e+01 +5.936496969e+01 -5.2896e-01 +2.3790e-01 +4.4887e-01
83 0 +3.674094359e+01 +5.811094359e+01 +5.811094359e+01 -5.1094e-01 +2.8517e-01 +5.2231e-01
85 0 +3.579129903e+01 +5.716129903e+01 +5.716129903e+01 -4.7486e-01 +3.1229e-01 +5.4850e-01
87 0 +3.465690322e+01 +5.602690322e+01 +5.602690322e+01 -4.0898e-01 +3.1116e-01 +5.4603e-01
90 0 +3.270036362e+01 +5.407036362e+01 +5.407036362e+01 -3.5620e-01 +4.1641e-01 +6.9725e-01
91 0 +3.123297799e+01 +5.260297799e+01 +5.260297799e+01 -2.7882e-01 +4.8203e-01 +7.8472e-01
93 0 +2.973787178e+01 +5.110787178e+01 +5.110787178e+01 -1.5496e-01 +5.9752e-01 +9.6855e-01
95 0 +2.908374778e+01 +5.045374778e+01 +5.045374778e+01 +2.2270e-02 +7.5378e-01 +1.1758e+00
97 0 +2.863559100e+01 +5.000559100e+01 +5.000559100e+01 -1.1622e-01 +5.2774e-01 +8.4005e-01
99 0 +2.776327691e+01 +4.913327691e+01 +4.913327691e+01 +1.1288e-01 +7.7066e-01 +1.2049e+00
101 0 +2.675695477e+01 +4.812695477e+01 +4.812695477e+01 +1.6758e-01 +7.7060e-01 +1.1786e+00
102 0 +2.606081976e+01 +4.743081976e+01 +4.743081976e+01 +3.2884e-01 +8.5713e-01 +1.2837e+00
103 0 +2.541833660e+01 +4.678833660e+01 +4.678833660e+01 +1.9473e-01 +6.8325e-01 +1.0433e+00
104 0 +2.477398302e+01 +4.614398302e+01 +4.614398302e+01 +2.8096e-01 +6.4798e-01 +9.7697e-01
106 0 +2.359069550e+01 +4.496069550e+01 +4.496069550e+01 +6.9233e-01 +8.9238e-01 +1.2824e+00
107 0 +2.097419660e+01 +4.234419660e+01 +4.234419660e+01 +9.8205e-01 +9.5324e-01 +1.3212e+00
111 0 +1.057550259e+01 +3.194550259e+01 +3.194550259e+01 +1.4226e+00 +1.1719e+00 +1.6049e+00
113 0 +1.022754889e+01 +3.159754889e+01 +3.159754889e+01 +1.5495e+00 +1.0901e+00 +1.4468e+00
125 0 +9.922213346e+00 +3.129221335e+01 +3.129221335e+01 +1.6107e+00 +1.0124e+00 +1.2918e+00
128 0 +9.753382669e+00 +3.112338267e+01 +3.112338267e+01 +1.8565e+00 +8.5237e-01 +9.9123e-01
145 0 +9.496438782e+00 +3.086643878e+01 +3.086643878e+01 +1.8804e+00 +8.2054e-01 +8.8740e-01
150 0 +9.267946161e+00 +3.063794616e+01 +3.063794616e+01 +1.9109e+00 +8.0407e-01 +8.0846e-01
154 0 +9.061004070e+00 +3.043100407e+01 +3.043100407e+01 +1.6342e+00 +9.9079e-01 +1.1151e+00
156 0 +8.842196405e+00 +3.021219641e+01 +3.021219641e+01 +1.6673e+00 +9.3071e-01 +9.4665e-01
158 0 +8.556044227e+00 +2.992604423e+01 +2.992604423e+01 +1.6656e+00 +9.5832e-01 +9.3165e-01
159 0 +8.311061632e+00 +2.968106163e+01 +2.968106163e+01 +1.6561e+00 +9.7480e-01 +8.8506e-01
162 0 +8.047112254e+00 +2.941711225e+01 +2.941711225e+01 +1.4166e+00 +1.0525e+00 +7.9666e-01
164 0 +7.741059452e+00 +2.911105945e+01 +2.911105945e+01 +1.1330e+00 +1.3023e+00 +1.1300e+00
172 0 +7.425263822e+00 +2.879526382e+01 +2.879526382e+01 +1.1677e+00 +1.2905e+00 +8.4523e-01
173 0 +7.369747199e+00 +2.873974720e+01 +2.873974720e+01 +1.3181e+00 +1.2173e+00 +6.4784e-01
329 0 +6.774831973e+00 +2.814483197e+01 +2.814483197e+01 +2.4330e+00 -9.1708e-01 -4.4190e+00
331 0 +6.170642671e+00 +2.754064267e+01 +2.754064267e+01 +2.4856e+00 -1.1422e+00 -3.8888e+00
333 0 +3.774597992e+00 +2.514459799e+01 +2.514459799e+01 +2.1529e+00 -1.1938e+00 -4.3122e+00
336 0 +3.620727254e+00 +2.499072725e+01 +2.499072725e+01 +2.4680e+00 -1.5144e+00 -4.0459e+00
339 0 +2.937805161e+00 +2.430780516e+01 +2.430780516e+01 +1.9701e+00 -1.5192e+00 -4.1962e+00
342 0 +2.874606429e+00 +2.424460643e+01 +2.424460643e+01 +2.3003e+00 -1.4733e+00 -4.4328e+00
345 0 +2.747097755e+00 +2.411709776e+01 +2.411709776e+01 +2.0709e+00 -1.6444e+00 -4.3604e+00
347 0 +2.640010772e+00 +2.401001077e+01 +2.401001077e+01 +2.2265e+00 -1.6782e+00 -4.2338e+00
354 0 +2.601104678e+00 +2.397110468e+01 +2.397110468e+01 +2.1623e+00 -1.5754e+00 -4.2695e+00
677 0 +2.570067284e+00 +2.394006728e+01 +2.394006728e+01 +2.7220e+00 -5.1113e-01 +3.0322e+00
685 0 +2.495003642e+00 +2.386500364e+01 +2.386500364e+01 +2.6658e+00 -5.3003e-01 +3.0522e+00
687 0 +2.448536716e+00 +2.381853672e+01 +2.381853672e+01 +2.6453e+00 -5.4786e-01 +3.0686e+00
689 0 +2.395477728e+00 +2.376547773e+01 +2.376547773e+01 +2.6444e+00 -6.0903e-01 +3.0528e+00
691 0 +2.303065495e+00 +2.367306550e+01 +2.367306550e+01 +2.5808e+00 -6.7188e-01 +3.0671e+00
692 0 +2.231074186e+00 +2.360107419e+01 +2.360107419e+01 +2.5260e+00 -7.4561e-01 +3.0754e+00
694 0 +2.158637369e+00 +2.352863737e+01 +2.352863737e+01 +2.4834e+00 -8.7566e-01 +3.1008e+00
695 0 +2.121235591e+00 +2.349123559e+01 +2.349123559e+01 +2.4735e+00 -9.5390e-01 +3.0667e+00
696 0 +2.066887069e+00 +2.343688707e+01 +2.343688707e+01 +2.3990e+00 -1.1448e+00 +3.0596e+00
697 0 +2.029623172e+00 +2.339962317e+01 +2.339962317e+01 +2.3044e+00 -1.1764e+00 +3.1122e+00
698 0 +1.974108319e+00 +2.334410832e+01 +2.334410832e+01 +2.1394e+00 -1.4308e+00 +3.1457e+00
700 0 +1.890349099e+00 +2.326034910e+01 +2.326034910e+01 +1.9790e+00 -1.8783e+00 +3.1219e+00
701 0 +1.683168554e+00 +2.305316855e+01 +2.305316855e+01 +1.7268e+00 -2.3796e+00 +3.1324e+00
702 0 +1.551618490e+00 +2.292161849e+01 +2.292161849e+01 +1.6152e+00 -2.4323e+00 +3.2116e+00
703 0 +1.282974949e+00 +2.265297495e+01 +2.265297495e+01 +1.2233e+00 -3.0761e+00 +3.2876e+00
704 0 +9.441268759e-01 +2.231412688e+01 +2.231412688e+01 +1.2378e+00 -3.0358e+00 +3.2485e+00
705 0 +7.368251989e-01 +2.210682520e+01 +2.210682520e+01 +7.7918e-01 -3.7760e+00 +3.3084e+00
718 0 +7.175225996e-01 +2.208752260e+01 +2.208752260e+01 +5.2371e-01 -4.1139e+00 +3.3632e+00
725 0 +7.028650782e-01 +2.207286508e+01 +2.207286508e+01 +8.2297e-01 -3.5584e+00 +3.3465e+00
832 0 +5.001302479e-01 +2.187013025e+01 +2.187013025e+01 +1.3116e+00 +2.7890e-01 -1.1530e+00
836 0 +4.129632880e-01 +2.178296329e+01 +2.178296329e+01 +1.3259e+00 +5.7869e-01 -1.1040e+00
837 0 +1.894785662e-01 +2.155947857e+01 +2.155947857e+01 +1.2873e+00 +5.3719e-01 -1.1531e+00
842 0 +1.556745240e-01 +2.152567452e+01 +2.152567452e+01 +1.3115e+00 +3.8265e-01 -1.1436e+00
844 0 +1.405261606e-01 +2.151052616e+01 +2.151052616e+01 +1.3162e+00 +4.9987e-01 -1.1257e+00
846 0 +1.376007811e-01 +2.150760078e+01 +2.150760078e+01 +1.3129e+00 +4.0828e-01 -1.1431e+00
848 0 +1.323739470e-01 +2.150237395e+01 +2.150237395e+01 +1.3004e+00 +4.8373e-01 -1.1453e+00
850 0 +1.304652328e-01 +2.150046523e+01 +2.150046523e+01 +1.3107e+00 +4.2331e-01 -1.1408e+00
852 0 +1.281218356e-01 +2.149812184e+01 +2.149812184e+01 +1.3121e+00 +4.6916e-01 -1.1344e+00
902 0 +1.258451422e-01 +2.149584514e+01 +2.149584514e+01 +1.3186e+00 +4.4815e-01 -1.1350e+00
913 0 +1.226391634e-01 +2.149263916e+01 +2.149263916e+01 +1.3490e+00 +4.6647e-01 -1.1199e+00
917 0 +1.197772786e-01 +2.148977728e+01 +2.148977728e+01 +1.3812e+00 +4.8789e-01 -1.1031e+00
920 0 +1.163416003e-01 +2.148634160e+01 +2.148634160e+01 +1.4541e+00 +5.3691e-01 -1.0668e+00
940 0 +1.147809983e-01 +2.148478100e+01 +2.148478100e+01 +1.4735e+00 +5.7225e-01 -1.0574e+00
960 0 +1.106741082e-01 +2.148067411e+01 +2.148067411e+01 +1.5148e+00 +6.1252e-01 -1.0482e+00
961 0 +1.091682834e-01 +2.147916828e+01 +2.147916828e+01 +1.5205e+00 +6.2016e-01 -1.0493e+00
964 0 +1.059947962e-01 +2.147599480e+01 +2.147599480e+01 +1.5618e+00 +6.7006e-01 -1.0391e+00
965 0 +1.026498459e-01 +2.147264985e+01 +2.147264985e+01 +1.5686e+00 +6.8675e-01 -1.0431e+00
968 0 +9.620619302e-02 +2.146620619e+01 +2.146620619e+01 +1.5762e+00 +7.0131e-01 -1.0525e+00
969 0 +8.936470124e-02 +2.145936470e+01 +2.145936470e+01 +1.6040e+00 +7.4188e-01 -1.0542e+00
971 0 +8.792589777e-02 +2.145792590e+01 +2.145792590e+01 +1.6422e+00 +7.9419e-01 -1.0424e+00
972 0 +8.402205195e-02 +2.145402205e+01 +2.145402205e+01 +1.7072e+00 +8.7421e-01 -1.0298e+00
973 0 +7.127825528e-02 +2.144127826e+01 +2.144127826e+01 +1.6784e+00 +8.6656e-01 -1.0582e+00
974 0 +5.858041732e-02 +2.142858042e+01 +2.142858042e+01 +1.7333e+00 +9.5647e-01 -1.0658e+00
977 0 +5.561599349e-02 +2.142561599e+01 +2.142561599e+01 +2.0362e+00 +1.3481e+00 -1.0191e+00
978 0 +4.096006077e-02 +2.141096006e+01 +2.141096006e+01 +2.0083e+00 +1.3296e+00 -1.0480e+00
979 0 +2.917988298e-02 +2.139917988e+01 +2.139917988e+01 +2.1589e+00 +1.5573e+00 -1.0571e+00
982 0 +1.824857516e-02 +2.138824858e+01 +2.138824858e+01 +2.4992e+00 +2.0920e+00 -1.0788e+00
983 0 +1.515084151e-02 +2.138515084e+01 +2.138515084e+01 +2.7307e+00 +2.4639e+00 -1.1087e+00
984 0 +1.251220247e-02 +2.138251220e+01 +2.138251220e+01 +2.1962e+00 +1.7004e+00 -1.1255e+00
986 0 +3.843043212e-03 +2.137384304e+01 +2.137384304e+01 +2.4756e+00 +2.1313e+00 -1.1643e+00
987 0 +3.696083220e-03 +2.137369608e+01 +2.137369608e+01 +2.6391e+00 +2.4103e+00 -1.2150e+00
988 0 +1.133421285e-03 +2.137113342e+01 +2.137113342e+01 +2.7853e+00 +2.7161e+00 -1.2753e+00
994 0 +9.038678814e-04 +2.137090387e+01 +2.137090387e+01 +2.5330e+00 +2.3038e+00 -1.2097e+00
996 0 +8.676906499e-04 +2.137086769e+01 +2.137086769e+01 +2.5100e+00 +2.3460e+00 -1.2892e+00
998 0 +3.721176328e-04 +2.137037212e+01 +2.137037212e+01 +2.8565e+00 +2.8979e+00 -1.3195e+00
1000 0 +1.396157123e-04 +2.137013962e+01 +2.137013962e+01 +2.4810e+00 +2.3158e+00 -1.2704e+00
1004 0 +1.283372510e-04 +2.137012834e+01 +2.137012834e+01 +2.7646e+00 +2.7376e+00 -1.2716e+00
1007 0 +8.020144635e-05 +2.137008020e+01 +2.137008020e+01 +2.7316e+00 +2.6932e+00 -1.2919e+00
1008 0 +6.689916635e-06 +2.137000669e+01 +2.137000669e+01 +2.7437e+00 +2.7525e+00 -1.3045e+00
1013 0 +4.869903179e-06 +2.137000487e+01 +2.137000487e+01 +2.5922e+00 +2.5390e+00 -1.3061e+00
1017 0 +3.407600246e-08 +2.137000003e+01 +2.137000003e+01 +2.7028e+00 +2.7321e+00 -1.3304e+00
1029 0 +2.403869104e-09 +2.137000000e+01 +2.137000000e+01 +2.6741e+00 +2.6872e+00 -1.3300e+00
1064 0 +0.000000000e+00 +2.137000000e+01 +2.137000000e+01 +2.6814e+00 +2.6933e+00 -1.3268e+00
% f evaluations | g evaluations | best noise-free fitness - Fopt (1.673000000000e+01) + sum g_i+ | measured fitness | best measured fitness or single-digit g-values | x1 | x2...
1 0 +6.447718107e+01 +8.120718107e+01 +8.120718107e+01 +0.0000e+00 +0.0000e+00 +0.0000e+00
3 0 +6.447639900e+01 +8.120639900e+01 +8.120639900e+01 +0.0000e+00 +2.5000e-04 +0.0000e+00
31 0 +6.308768628e+01 +7.981768628e+01 +7.981768628e+01 -9.4611e-02 +2.7194e-02 +5.1944e-02
34 0 +6.144777906e+01 +7.817777906e+01 +7.817777906e+01 -1.9433e-01 +5.7333e-02 +1.0633e-01
36 0 +5.949672869e+01 +7.622672869e+01 +7.622672869e+01 -2.9900e-01 +8.5333e-02 +1.6592e-01
38 0 +5.631837161e+01 +7.304837161e+01 +7.304837161e+01 -4.5450e-01 +1.3225e-01 +2.4825e-01
39 0 +5.523166606e+01 +7.196166606e+01 +7.196166606e+01 -5.0172e-01 +1.4586e-01 +2.7583e-01
40 0 +5.085998718e+01 +6.758998718e+01 +6.758998718e+01 -6.8750e-01 +2.0008e-01 +3.7817e-01
41 0 +4.895291631e+01 +6.568291631e+01 +6.568291631e+01 -7.6633e-01 +2.2111e-01 +4.2189e-01
42 0 +1.055167996e+01 +2.728167996e+01 +2.728167996e+01 -1.0523e+00 +3.0300e-01 +5.7967e-01
43 0 +7.469065781e+00 +2.419906578e+01 +2.419906578e+01 -1.1639e+00 +3.3822e-01 +6.3814e-01
57 0 +7.211094192e+00 +2.394109419e+01 +2.394109419e+01 -1.2393e+00 +3.5870e-01 +6.8109e-01
106 0 +7.069380195e+00 +2.379938020e+01 +2.379938020e+01 -1.2215e+00 +3.5831e-01 +6.6478e-01
112 0 +6.852009990e+00 +2.358200999e+01 +2.358200999e+01 -1.2283e+00 +3.7152e-01 +6.5238e-01
114 0 +6.639140240e+00 +2.336914024e+01 +2.336914024e+01 -1.2510e+00 +3.8768e-01 +6.5108e-01
115 0 +6.593987065e+00 +2.332398706e+01 +2.332398706e+01 -1.2507e+00 +3.8955e-01 +6.4822e-01
116 0 +6.359849489e+00 +2.308984949e+01 +2.308984949e+01 -1.2622e+00 +4.0280e-01 +6.4045e-01
117 0 +6.272587964e+00 +2.300258796e+01 +2.300258796e+01 -1.2563e+00 +4.0495e-01 +6.3143e-01
118 0 +5.914243605e+00 +2.264424361e+01 +2.264424361e+01 -1.2653e+00 +4.2257e-01 +6.1489e-01
119 0 +5.655850471e+00 +2.238585047e+01 +2.238585047e+01 -1.2907e+00 +4.3718e-01 +6.1857e-01
120 0 +4.948849330e+00 +2.167884933e+01 +2.167884933e+01 -1.3218e+00 +4.7001e-01 +6.0167e-01
121 0 +4.738606600e+00 +2.146860660e+01 +2.146860660e+01 -1.3153e+00 +4.7591e-01 +5.8692e-01
122 0 +3.779727407e+00 +2.050972741e+01 +2.050972741e+01 -1.3474e+00 +5.2002e-01 +5.5484e-01
123 0 +3.424196859e+00 +2.015419686e+01 +2.015419686e+01 -1.3608e+00 +5.3893e-01 +5.4048e-01
124 0 +2.530193526e+00 +1.926019353e+01 +1.926019353e+01 -1.4102e+00 +6.0699e-01 +4.9050e-01
125 0 +2.214462887e+00 +1.894446289e+01 +1.894446289e+01 -1.4543e+00 +6.4212e-01 +4.8312e-01
126 0 +1.957257702e+00 +1.868725770e+01 +1.868725770e+01 -1.5487e+00 +7.5189e-01 +4.1724e-01
128 0 +1.617770463e+00 +1.834777046e+01 +1.834777046e+01 -1.6626e+00 +9.3888e-01 +2.5923e-01
129 0 +1.025528875e+00 +1.775552887e+01 +1.775552887e+01 -1.7336e+00 +1.0118e+00 +2.2314e-01
131 0 +7.188611825e-01 +1.744886118e+01 +1.744886118e+01 -1.8864e+00 +1.1947e+00 +1.0924e-01
135 0 +5.433375176e-01 +1.727333752e+01 +1.727333752e+01 -1.8540e+00 +1.1323e+00 +1.6716e-01
136 0 +4.992125231e-01 +1.722921252e+01 +1.722921252e+01 -1.9496e+00 +1.2290e+00 +1.2113e-01
145 0 +4.886415237e-01 +1.721864152e+01 +1.721864152e+01 -2.0564e+00 +1.3206e+00 +9.3033e-02
256 0 +4.785396160e-01 +1.720853962e+01 +1.720853962e+01 -1.9536e+00 +1.1662e+00 +7.0353e-02
271 0 +4.671569353e-01 +1.719715694e+01 +1.719715694e+01 -1.9156e+00 +1.0849e+00 +5.7541e-02
273 0 +4.505016142e-01 +1.718050161e+01 +1.718050161e+01 -1.9021e+00 +1.0316e+00 +1.5873e-02
276 0 +4.309830589e-01 +1.716098306e+01 +1.716098306e+01 -1.8767e+00 +9.7135e-01 +1.4907e-02
277 0 +4.083526012e-01 +1.713835260e+01 +1.713835260e+01 -1.8572e+00 +9.1456e-01 -6.4095e-03
279 0 +3.968449060e-01 +1.712684491e+01 +1.712684491e+01 -1.8598e+00 +9.0176e-01 -4.7266e-02
280 0 +3.669459941e-01 +1.709694599e+01 +1.709694599e+01 -1.8583e+00 +8.6722e-01 -8.9283e-02
281 0 +3.379755031e-01 +1.706797550e+01 +1.706797550e+01 -1.7913e+00 +7.3137e-01 -9.6475e-02
282 0 +2.870377769e-01 +1.701703778e+01 +1.701703778e+01 -1.7359e+00 +5.8123e-01 -1.5265e-01
283 0 +2.638791748e-01 +1.699387917e+01 +1.699387917e+01 -1.8097e+00 +7.1261e-01 -1.4035e-01
284 0 +2.011240249e-01 +1.693112402e+01 +1.693112402e+01 -1.8023e+00 +6.3755e-01 -1.9792e-01
285 0 +1.730655508e-01 +1.690306555e+01 +1.690306555e+01 -1.7404e+00 +4.7611e-01 -2.8683e-01
286 0 +1.340540854e-01 +1.686405409e+01 +1.686405409e+01 -1.6820e+00 +2.5689e-01 -4.2703e-01
287 0 +1.271016750e-01 +1.685710167e+01 +1.685710167e+01 -1.6219e+00 +1.1657e-01 -4.2912e-01
288 0 +9.998503132e-02 +1.682998503e+01 +1.682998503e+01 -1.5037e+00 -2.5876e-01 -5.9904e-01
289 0 +5.568953488e-02 +1.678568953e+01 +1.678568953e+01 -1.5894e+00 -1.5745e-01 -6.6335e-01
290 0 +1.692695279e-02 +1.674692695e+01 +1.674692695e+01 -1.5162e+00 -5.2679e-01 -9.1870e-01
292 0 +1.428301226e-02 +1.674428301e+01 +1.674428301e+01 -1.2195e+00 -1.4406e+00 -1.3172e+00
294 0 +2.977595978e-04 +1.673029776e+01 +1.673029776e+01 -1.2083e+00 -1.7128e+00 -1.6239e+00
299 0 +1.602239650e-04 +1.673016022e+01 +1.673016022e+01 -1.1869e+00 -2.0403e+00 -1.9142e+00
301 0 +1.000095288e-04 +1.673010001e+01 +1.673010001e+01 -1.3572e+00 -1.4327e+00 -1.5933e+00
305 0 +4.026967126e-06 +1.673000403e+01 +1.673000403e+01 -1.2289e+00 -1.7675e+00 -1.7210e+00
311 0 +2.877477474e-06 +1.673000288e+01 +1.673000288e+01 -1.2935e+00 -1.6335e+00 -1.6937e+00
313 0 +7.058416784e-07 +1.673000071e+01 +1.673000071e+01 -1.2409e+00 -1.8128e+00 -1.7942e+00
315 0 +3.992404061e-07 +1.673000040e+01 +1.673000040e+01 -1.2669e+00 -1.6743e+00 -1.6960e+00
317 0 +4.722211955e-08 +1.673000005e+01 +1.673000005e+01 -1.2480e+00 -1.7372e+00 -1.7245e+00
321 0 +1.765955915e-08 +1.673000002e+01 +1.673000002e+01 -1.2517e+00 -1.7563e+00 -1.7532e+00
324 0 +1.109078696e-08 +1.673000001e+01 +1.673000001e+01 -1.2610e+00 -1.7226e+00 -1.7320e+00
326 0 +9.253099620e-09 +1.673000001e+01 +1.673000001e+01 -1.2508e+00 -1.7592e+00 -1.7515e+00
364 0 +0.000000000e+00 +1.673000000e+01 +1.673000000e+01 -1.2528e+00 -1.7405e+00 -1.7362e+00
% f evaluations | g evaluations | best noise-free fitness - Fopt (1.000000000000e+03) + sum g_i+ | measured fitness | best measured fitness or single-digit g-values | x1 | x2...
1 0 +6.484171292e+01 +1.064841713e+03 +1.064841713e+03 +0.0000e+00 +0.0000e+00 +0.0000e+00
3 0 +6.484113888e+01 +1.064841139e+03 +1.064841139e+03 +0.0000e+00 +2.5000e-04 +0.0000e+00
22 0 +6.454365081e+01 +1.064543651e+03 +1.064543651e+03 +2.9167e-03 +8.2500e-03 -1.5833e-02
31 0 +6.290016488e+01 +1.062900165e+03 +1.062900165e+03 +1.5722e-02 +5.1944e-02 -9.4611e-02
34 0 +6.042303304e+01 +1.060423033e+03 +1.060423033e+03 +3.0917e-02 +1.0633e-01 -1.9433e-01
35 0 +5.977570569e+01 +1.059775706e+03 +1.059775706e+03 +3.5000e-02 +1.2047e-01 -2.1767e-01
36 0 +5.729992656e+01 +1.057299927e+03 +1.057299927e+03 +4.8000e-02 +1.6592e-01 -2.9900e-01
38 0 +5.171405692e+01 +1.051714057e+03 +1.051714057e+03 +7.4250e-02 +2.4825e-01 -4.5450e-01
39 0 +4.978699419e+01 +1.049786994e+03 +1.049786994e+03 +8.0278e-02 +2.7583e-01 -5.0172e-01
40 0 +4.196106920e+01 +1.041961069e+03 +1.041961069e+03 +1.0950e-01 +3.7817e-01 -6.8750e-01
41 0 +3.874255522e+01 +1.038742555e+03 +1.038742555e+03 +1.2358e-01 +4.2189e-01 -7.6633e-01
42 0 +2.900657105e+01 +1.029006571e+03 +1.029006571e+03 +1.6992e-01 +5.7967e-01 -1.0523e+00
43 0 +2.625894580e+01 +1.026258946e+03 +1.026258946e+03 +1.8778e-01 +6.3814e-01 -1.1639e+00
44 0 +1.915250953e+01 +1.019152510e+03 +1.019152510e+03 +2.5767e-01 +8.7425e-01 -1.5963e+00
45 0 +1.719187563e+01 +1.017191876e+03 +1.017191876e+03 +2.8381e-01 +9.7314e-01 -1.7696e+00
46 0 +1.551496603e+01 +1.015514966e+03 +1.015514966e+03 +3.8858e-01 +1.3356e+00 -2.4272e+00
53 0 +1.547974679e+01 +1.015479747e+03 +1.015479747e+03 +3.2145e-01 +1.0983e+00 -1.9981e+00
57 0 +1.508076642e+01 +1.015080766e+03 +1.015080766e+03 +3.3801e-01 +1.1548e+00 -2.1019e+00
140 0 +1.478836893e+01 +1.014788369e+03 +1.014788369e+03 +3.6882e-01 +1.2017e+00 -2.2292e+00
148 0 +1.437386442e+01 +1.014373864e+03 +1.014373864e+03 +4.3866e-01 +1.1831e+00 -2.3811e+00
158 0 +1.411312456e+01 +1.014113125e+03 +1.014113125e+03 +4.8482e-01 +1.1336e+00 -2.4407e+00
169 0 +1.373342851e+01 +1.013733429e+03 +1.013733429e+03 +5.2280e-01 +1.0346e+00 -2.4253e+00
227 0 +1.348043639e+01 +1.013480436e+03 +1.013480436e+03 +5.4991e-01 +9.2828e-01 -2.3979e+00
237 0 +1.307779039e+01 +1.013077790e+03 +1.013077790e+03 +4.8746e-01 +9.0088e-01 -2.3393e+00
241 0 +1.272959957e+01 +1.012729600e+03 +1.012729600e+03 +4.5326e-01 +8.5022e-01 -2.3200e+00
242 0 +1.249438899e+01 +1.012494389e+03 +1.012494389e+03 +4.1083e-01 +8.4853e-01 -2.3046e+00
245 0 +1.224381371e+01 +1.012243814e+03 +1.012243814e+03 +3.2957e-01 +6.3591e-01 -2.1905e+00
246 0 +1.194932582e+01 +1.011949326e+03 +1.011949326e+03 +2.8037e-01 +7.5048e-01 -2.2048e+00
247 0 +1.170304731e+01 +1.011703047e+03 +1.011703047e+03 +1.7786e-01 +7.3614e-01 -2.1568e+00
258 0 +1.147505017e+01 +1.011475050e+03 +1.011475050e+03 -3.8730e-02 +6.8610e-01 -2.0905e+00
276 0 +1.118010045e+01 +1.011180100e+03 +1.011180100e+03 +5.2189e-03 +6.8128e-01 -2.2126e+00
390 0 +9.284077974e+00 +1.009284078e+03 +1.009284078e+03 -2.4607e+00 +4.2830e-01 +1.7855e+00
393 0 +8.132597618e+00 +1.008132598e+03 +1.008132598e+03 -3.1003e+00 +2.2211e-01 +1.5715e+00
396 0 +7.995632790e+00 +1.007995633e+03 +1.007995633e+03 -3.0625e+00 +3.3039e-01 +1.4747e+00
400 0 +7.725918053e+00 +1.007725918e+03 +1.007725918e+03 -3.2394e+00 +2.7272e-01 +1.3672e+00
408 0 +7.566128932e+00 +1.007566129e+03 +1.007566129e+03 -3.4373e+00 +2.0049e-01 +1.2690e+00
412 0 +7.143807964e+00 +1.007143808e+03 +1.007143808e+03 -3.3453e+00 +1.9382e-01 +1.1981e+00
413 0 +6.888393983e+00 +1.006888394e+03 +1.006888394e+03 -3.3982e+00 +1.5437e-01 +1.1135e+00
416 0 +6.092516017e+00 +1.006092516e+03 +1.006092516e+03 -3.6883e+00 +7.9034e-02 +8.1090e-01
417 0 +5.364841518e+00 +1.005364842e+03 +1.005364842e+03 -3.7866e+00 +2.6002e-02 +6.1695e-01
421 0 +4.253585704e+00 +1.004253586e+03 +1.004253586e+03 -3.7698e+00 -1.5140e-02 +3.3148e-01
422 0 +3.520571494e+00 +1.003520571e+03 +1.003520571e+03 -3.8133e+00 -1.6132e-02 +8.6778e-02
423 0 +3.455710842e+00 +1.003455711e+03 +1.003455711e+03 -4.1840e+00 -1.1641e-01 -5.6327e-02
424 0 +3.150596584e+00 +1.003150597e+03 +1.003150597e+03 -4.5327e+00 -1.9782e-01 -4.6445e-01
426 0 +2.774544435e+00 +1.002774544e+03 +1.002774544e+03 -4.5658e+00 -1.7560e-01 -9.9684e-01
432 0 +2.653619060e+00 +1.002653619e+03 +1.002653619e+03 -4.3095e+00 -1.6944e-01 -7.8871e-01
438 0 +2.624826806e+00 +1.002624827e+03 +1.002624827e+03 -4.4904e+00 -1.8566e-01 -9.3022e-01
% f evaluations | g evaluations | best noise-free fitness - Fopt (-1.079600000000e+02) + sum g_i+ | measured fitness | best measured fitness or single-digit g-values | x1 | x2...
1 0 +7.453483017e+01 -3.342516983e+01 -3.342516983e+01 +0.0000e+00 +0.0000e+00 +0.0000e+00
5 0 +7.453111260e+01 -3.342888740e+01 -3.342888740e+01 +1.6667e-04 +1.6667e-04 -2.5000e-04
20 0 +7.407376707e+01 -3.388623293e+01 -3.388623293e+01 -2.0000e-03 +4.0000e-03 -1.0000e-02
28 0 +7.191641829e+01 -3.604358171e+01 -3.604358171e+01 -8.0000e-03 +2.3000e-02 -5.8000e-02
30 0 +7.049692626e+01 -3.746307374e+01 -3.746307374e+01 -1.4750e-02 +3.5250e-02 -8.6500e-02
32 0 +6.808655852e+01 -3.987344148e+01 -3.987344148e+01 -2.0250e-02 +5.1500e-02 -1.3250e-01
33 0 +6.720561284e+01 -4.075438716e+01 -4.075438716e+01 -2.2667e-02 +5.8917e-02 -1.4767e-01
34 0 +6.292228921e+01 -4.503771079e+01 -4.503771079e+01 -3.1000e-02 +8.1250e-02 -2.0300e-01
35 0 +6.059336416e+01 -4.736663584e+01 -4.736663584e+01 -3.6000e-02 +8.9000e-02 -2.2333e-01
36 0 +4.719470689e+01 -6.076529311e+01 -6.076529311e+01 -5.0000e-02 +1.2200e-01 -3.0600e-01
37 0 +4.041382174e+01 -6.754617826e+01 -6.754617826e+01 -5.2750e-02 +1.3458e-01 -3.4117e-01
38 0 +2.137914634e+01 -8.658085366e+01 -8.658085366e+01 -7.1750e-02 +1.8425e-01 -4.6850e-01
39 0 +1.593483791e+01 -9.202516209e+01 -9.202516209e+01 -8.1583e-02 +2.0683e-01 -5.1917e-01
40 0 +4.229456960e+00 -1.037305430e+02 -1.037305430e+02 -1.1225e-01 +2.8450e-01 -7.1250e-01
41 0 +2.296241392e+00 -1.056637586e+02 -1.056637586e+02 -1.2500e-01 +3.1258e-01 -7.8833e-01
49 0 +2.261703847e+00 -1.056982962e+02 -1.056982962e+02 -1.4186e-01 +3.6045e-01 -9.0821e-01
53 0 +2.143536392e+00 -1.058164636e+02 -1.058164636e+02 -1.3826e-01 +3.4929e-01 -8.7891e-01
57 0 +2.131705634e+00 -1.058282944e+02 -1.058282944e+02 -1.3081e-01 +3.3078e-01 -8.3205e-01
114 0 +2.080310850e+00 -1.058796891e+02 -1.058796891e+02 -1.4367e-01 +3.2516e-01 -8.3705e-01
119 0 +2.039942616e+00 -1.059200574e+02 -1.059200574e+02 -1.5969e-01 +3.0871e-01 -8.2386e-01
123 0 +1.992110011e+00 -1.059678900e+02 -1.059678900e+02 -2.0088e-01 +2.8170e-01 -8.2153e-01
125 0 +1.900220349e+00 -1.060597797e+02 -1.060597797e+02 -2.2420e-01 +2.4799e-01 -7.8264e-01
127 0 +1.699550459e+00 -1.062604495e+02 -1.062604495e+02 -2.5459e-01 +2.1451e-01 -7.5256e-01
128 0 +1.651317291e+00 -1.063086827e+02 -1.063086827e+02 -2.8426e-01 +1.9825e-01 -7.5772e-01
129 0 +1.446938000e+00 -1.065130620e+02 -1.065130620e+02 -3.4197e-01 +1.4844e-01 -7.2986e-01
130 0 +9.325687099e-01 -1.070274313e+02 -1.070274313e+02 -3.4629e-01 +1.2559e-01 -6.8851e-01
131 0 +5.570896645e-01 -1.074029103e+02 -1.074029103e+02 -4.1900e-01 +4.7530e-02 -6.2201e-01
134 0 +4.417849651e-01 -1.075182150e+02 -1.075182150e+02 -6.0900e-01 -1.4415e-01 -4.7317e-01
135 0 +2.338642361e-01 -1.077261358e+02 -1.077261358e+02 -7.4252e-01 -2.9044e-01 -3.4482e-01
137 0 +1.201769057e-01 -1.078398231e+02 -1.078398231e+02 -6.6927e-01 -2.3965e-01 -3.5481e-01
138 0 +4.684858421e-02 -1.079131514e+02 -1.079131514e+02 -7.7748e-01 -3.7231e-01 -2.2207e-01
144 0 +4.084880323e-02 -1.079191512e+02 -1.079191512e+02 -9.9403e-01 -6.2304e-01 +1.3813e-02
146 0 +3.315976921e-02 -1.079268402e+02 -1.079268402e+02 -8.4903e-01 -4.6563e-01 -1.2235e-01
152 0 +3.181867962e-02 -1.079281813e+02 -1.079281813e+02 -9.3102e-01 -5.5038e-01 -5.4129e-02
157 0 +3.032995688e-02 -1.079296700e+02 -1.079296700e+02 -8.8398e-01 -5.0132e-01 -9.4120e-02
168 0 +3.019402768e-02 -1.079298060e+02 -1.079298060e+02 -8.8967e-01 -5.0467e-01 -9.4560e-02
270 0 +2.941675011e-02 -1.079305832e+02 -1.079305832e+02 -8.8316e-01 -4.8463e-01 -1.0696e-01
275 0 +2.882041085e-02 -1.079311796e+02 -1.079311796e+02 -8.8568e-01 -4.6688e-01 -1.1743e-01
277 0 +2.781922999e-02 -1.079321808e+02 -1.079321808e+02 -8.8176e-01 -4.5968e-01 -1.1832e-01
279 0 +2.749639236e-02 -1.079325036e+02 -1.079325036e+02 -8.8080e-01 -4.3800e-01 -1.3239e-01
281 0 +2.613069319e-02 -1.079338693e+02 -1.079338693e+02 -8.8103e-01 -4.2415e-01 -1.3643e-01
282 0 +2.490090234e-02 -1.079350991e+02 -1.079350991e+02 -8.7871e-01 -4.0279e-01 -1.4593e-01
286 0 +2.314096669e-02 -1.079368590e+02 -1.079368590e+02 -8.6142e-01 -3.4012e-01 -1.7930e-01
287 0 +2.179419297e-02 -1.079382058e+02 -1.079382058e+02 -8.5486e-01 -3.0403e-01 -1.9492e-01
289 0 +2.005260320e-02 -1.079399474e+02 -1.079399474e+02 -8.7011e-01 -2.7683e-01 -2.0459e-01
291 0 +1.772488524e-02 -1.079422751e+02 -1.079422751e+02 -8.5176e-01 -1.8768e-01 -2.4403e-01
292 0 +1.613399336e-02 -1.079438660e+02 -1.079438660e+02 -8.4648e-01 -1.1125e-01 -2.7372e-01
294 0 +1.494073008e-02 -1.079450593e+02 -1.079450593e+02 -8.6732e-01 -1.1101e-01 -2.6624e-01
295 0 +1.359844320e-02 -1.079464016e+02 -1.079464016e+02 -8.7791e-01 -6.0775e-02 -2.7761e-01
296 0 +1.324069867e-02 -1.079467593e+02 -1.079467593e+02 -8.4857e-01 +9.8367e-02 -3.5383e-01
297 0 +1.203994608e-02 -1.079479601e+02 -1.079479601e+02 -8.3780e-01 +2.8597e-01 -4.2844e-01
299 0 +6.079194653e-03 -1.079539208e+02 -1.079539208e+02 -8.6699e-01 +3.7580e-01 -4.4158e-01
300 0 +4.221602749e-03 -1.079557784e+02 -1.079557784e+02 -8.7724e-01 +6.1933e-01 -5.2550e-01
304 0 +3.423102414e-03 -1.079565769e+02 -1.079565769e+02 -9.0317e-01 +5.8051e-01 -5.0010e-01
305 0 +1.279208117e-03 -1.079587208e+02 -1.079587208e+02 -9.3586e-01 +7.2778e-01 -5.3593e-01
309 0 +8.845047746e-04 -1.079591155e+02 -1.079591155e+02 -9.4631e-01 +1.0092e+00 -6.4377e-01
310 0 +7.667393824e-04 -1.079592333e+02 -1.079592333e+02 -9.4209e-01 +9.6261e-01 -6.3684e-01
311 0 +1.623092601e-04 -1.079598377e+02 -1.079598377e+02 -9.9656e-01 +9.1452e-01 -5.7999e-01
312 0 +8.423417414e-05 -1.079599158e+02 -1.079599158e+02 -1.0351e+00 +8.2019e-01 -5.2620e-01
315 0 +1.781113937e-06 -1.079599982e+02 -1.079599982e+02 -1.0380e+00 +1.1851e+00 -6.7107e-01
325 0 +1.559648211e-06 -1.079599984e+02 -1.079599984e+02 -1.0695e+00 +1.0816e+00 -6.1562e-01
328 0 +6.820532406e-08 -1.079599999e+02 -1.079599999e+02 -1.0610e+00 +1.2217e+00 -6.7823e-01
330 0 +5.267318670e-08 -1.079599999e+02 -1.079599999e+02 -1.0530e+00 +1.1956e+00 -6.6852e-01
334 0 +4.138793486e-08 -1.079600000e+02 -1.079600000e+02 -1.0649e+00 +1.1505e+00 -6.4545e-01
335 0 +3.364914392e-08 -1.079600000e+02 -1.079600000e+02 -1.0520e+00 +1.1379e+00 -6.4903e-01
338 0 +1.676596639e-09 -1.079600000e+02 -1.079600000e+02 -1.0588e+00 +1.1915e+00 -6.6628e-01
374 0 +0.000000000e+00 -1.079600000e+02 -1.079600000e+02 -1.0590e+00 +1.1777e+00 -6.5991e-01
% f evaluations | g evaluations | best noise-free fitness - Fopt (-3.025900000000e+02) + sum g_i+ | measured fitness | best measured fitness or single-digit g-values | x1 | x2...
1 0 +1.001771433e+01 -2.925722857e+02 -2.925722857e+02 +0.0000e+00 +0.0000e+00 +0.0000e+00
2 0 +1.001367911e+01 -2.925763209e+02 -2.925763209e+02 +2.5000e-04 +0.0000e+00 +0.0000e+00
10 0 +9.994933072e+00 -2.925950669e+02 -2.925950669e+02 +2.5000e-04 +0.0000e+00 +1.0000e-03
22 0 +9.714538987e+00 -2.928754610e+02 -2.928754610e+02 +6.2500e-03 -1.7500e-03 +1.2250e-02
25 0 +9.525876276e+00 -2.930641237e+02 -2.930641237e+02 +1.0583e-02 -4.3333e-03 +2.1000e-02
27 0 +9.290836590e+00 -2.932991634e+02 -2.932991634e+02 +1.6667e-02 -6.0000e-03 +3.1583e-02
28 0 +9.058748482e+00 -2.935312515e+02 -2.935312515e+02 +2.3000e-02 -8.0000e-03 +4.3250e-02
30 0 +8.677753386e+00 -2.939122466e+02 -2.939122466e+02 +3.5250e-02 -1.4750e-02 +6.6250e-02
32 0 +8.197133726e+00 -2.943928663e+02 -2.943928663e+02 +5.1500e-02 -2.0250e-02 +1.0150e-01
33 0 +8.058483108e+00 -2.945315169e+02 -2.945315169e+02 +5.8917e-02 -2.2667e-02 +1.1167e-01
34 0 +7.597264856e+00 -2.949927351e+02 -2.949927351e+02 +8.1250e-02 -3.1000e-02 +1.5300e-01
35 0 +7.430426753e+00 -2.951595732e+02 -2.951595732e+02 +8.9000e-02 -3.6000e-02 +1.7058e-01
36 0 +6.737992703e+00 -2.958520073e+02 -2.958520073e+02 +1.2200e-01 -5.0000e-02 +2.3425e-01
37 0 +6.425952818e+00 -2.961640472e+02 -2.961640472e+02 +1.3458e-01 -5.2750e-02 +2.5958e-01
38 0 +5.350214777e+00 -2.972397852e+02 -2.972397852e+02 +1.8425e-01 -7.1750e-02 +3.5625e-01
39 0 +5.033375025e+00 -2.975566250e+02 -2.975566250e+02 +2.0683e-01 -8.1583e-02 +3.9417e-01
40 0 +4.708900070e+00 -2.978810999e+02 -2.978810999e+02 +2.8450e-01 -1.1225e-01 +5.4050e-01
45 0 +4.675837159e+00 -2.979141628e+02 -2.979141628e+02 +2.4658e-01 -9.7000e-02 +4.7367e-01
66 0 +4.564525181e+00 -2.980254748e+02 -2.980254748e+02 +2.6123e-01 -9.6197e-02 +5.0120e-01
71 0 +4.415857326e+00 -2.981741427e+02 -2.981741427e+02 +2.6561e-01 -8.5339e-02 +5.1961e-01
73 0 +4.323467563e+00 -2.982665324e+02 -2.982665324e+02 +2.6475e-01 -7.8034e-02 +5.1668e-01
75 0 +4.249262030e+00 -2.983407380e+02 -2.983407380e+02 +2.9220e-01 -6.9270e-02 +5.7807e-01
76 0 +4.083055906e+00 -2.985069441e+02 -2.985069441e+02 +2.6407e-01 -5.6804e-02 +5.3206e-01
77 0 +3.876019854e+00 -2.987139801e+02 -2.987139801e+02 +2.5395e-01 -3.6060e-02 +5.2601e-01
79 0 +3.631187093e+00 -2.989588129e+02 -2.989588129e+02 +2.7967e-01 -1.2686e-02 +5.8154e-01
80 0 +3.584689388e+00 -2.990053106e+02 -2.990053106e+02 +2.8581e-01 -6.4304e-04 +6.0706e-01
81 0 +3.397842213e+00 -2.991921578e+02 -2.991921578e+02 +2.9634e-01 +3.8052e-02 +6.5225e-01
82 0 +2.993898606e+00 -2.995961014e+02 -2.995961014e+02 +2.6111e-01 +6.2141e-02 +5.9513e-01
83 0 +2.575441334e+00 -3.000145587e+02 -3.000145587e+02 +2.4556e-01 +1.2785e-01 +6.0366e-01
85 0 +2.467141310e+00 -3.001228587e+02 -3.001228587e+02 +2.7744e-01 +2.1542e-01 +7.2170e-01
86 0 +2.310696433e+00 -3.002793036e+02 -3.002793036e+02 +2.7632e-01 +3.2947e-01 +7.9178e-01
87 0 +2.098567903e+00 -3.004914321e+02 -3.004914321e+02 +2.4742e-01 +3.5896e-01 +7.4402e-01
88 0 +2.005181834e+00 -3.005848182e+02 -3.005848182e+02 +2.2296e-01 +5.1941e-01 +7.8990e-01
89 0 +1.980920027e+00 -3.006090800e+02 -3.006090800e+02 +2.0279e-01 +5.1295e-01 +7.5793e-01
90 0 +1.744487890e+00 -3.008455121e+02 -3.008455121e+02 +1.5731e-01 +7.0033e-01 +7.8742e-01
92 0 +1.592855929e+00 -3.009971441e+02 -3.009971441e+02 +1.0531e-01 +1.0870e+00 +9.1026e-01
95 0 +9.246269942e-01 -3.016653730e+02 -3.016653730e+02 +3.9819e-02 +1.0940e+00 +7.9698e-01
102 0 +8.505628106e-01 -3.017394372e+02 -3.017394372e+02 -6.0954e-02 +1.3086e+00 +7.2980e-01
104 0 +8.299981646e-01 -3.017600018e+02 -3.017600018e+02 +1.0091e-02 +1.1540e+00 +7.7033e-01
105 0 +7.943382677e-01 -3.017956617e+02 -3.017956617e+02 -4.7592e-03 +1.1718e+00 +7.3836e-01
118 0 +7.941545856e-01 -3.017958454e+02 -3.017958454e+02 -1.7854e-02 +1.2110e+00 +7.3494e-01
125 0 +7.694043403e-01 -3.018205957e+02 -3.018205957e+02 +7.5109e-03 +1.1757e+00 +7.1697e-01
128 0 +7.570252691e-01 -3.018329747e+02 -3.018329747e+02 +1.0948e-02 +1.2059e+00 +6.9104e-01
131 0 +7.369956833e-01 -3.018530043e+02 -3.018530043e+02 +6.2937e-02 +1.1204e+00 +6.3709e-01
132 0 +7.194583810e-01 -3.018705416e+02 -3.018705416e+02 +6.8634e-02 +1.1459e+00 +6.6073e-01
133 0 +7.049582165e-01 -3.018850418e+02 -3.018850418e+02 +1.0314e-01 +1.1250e+00 +6.4726e-01
403 0 +5.431387586e-01 -3.020468612e+02 -3.020468612e+02 +7.8492e-01 +1.0240e+00 -1.9502e+00
404 0 +1.352039206e-01 -3.024547961e+02 -3.024547961e+02 +7.6567e-01 +9.3383e-01 -1.8744e+00
405 0 +1.942921038e-03 -3.025880571e+02 -3.025880571e+02 +8.0604e-01 +5.5426e-01 -1.8556e+00
415 0 +9.365818389e-04 -3.025890634e+02 -3.025890634e+02 +8.4754e-01 +4.3277e-01 -1.8742e+00
419 0 +8.103845981e-04 -3.025891896e+02 -3.025891896e+02 +8.3599e-01 +4.6913e-01 -1.8490e+00
425 0 +7.615836541e-04 -3.025892384e+02 -3.025892384e+02 +8.3906e-01 +4.6925e-01 -1.8632e+00
427 0 +7.554993675e-04 -3.025892445e+02 -3.025892445e+02 +8.2921e-01 +5.0548e-01 -1.8553e+00
430 0 +6.974491534e-04 -3.025893026e+02 -3.025893026e+02 +8.3537e-01 +4.6997e-01 -1.8542e+00
433 0 +6.855929886e-04 -3.025893144e+02 -3.025893144e+02 +8.2751e-01 +4.8749e-01 -1.8488e+00
438 0 +6.718256577e-04 -3.025893282e+02 -3.025893282e+02 +8.3328e-01 +4.7089e-01 -1.8555e+00
441 0 +6.509154599e-04 -3.025893491e+02 -3.025893491e+02 +8.2836e-01 +4.7577e-01 -1.8499e+00
451 0 +6.431914820e-04 -3.025893568e+02 -3.025893568e+02 +8.2647e-01 +4.7601e-01 -1.8483e+00
461 0 +6.296521381e-04 -3.025893703e+02 -3.025893703e+02 +8.2409e-01 +4.7922e-01 -1.8476e+00
465 0 +6.159683700e-04 -3.025893840e+02 -3.025893840e+02 +8.1785e-01 +4.7628e-01 -1.8415e+00
467 0 +5.957693168e-04 -3.025894042e+02 -3.025894042e+02 +8.1904e-01 +4.7313e-01 -1.8432e+00
468 0 +5.769777611e-04 -3.025894230e+02 -3.025894230e+02 +8.1712e-01 +4.7127e-01 -1.8422e+00
470 0 +5.744892064e-04 -3.025894255e+02 -3.025894255e+02 +8.1129e-01 +4.7237e-01 -1.8370e+00
472 0 +5.291097364e-04 -3.025894709e+02 -3.025894709e+02 +8.0759e-01 +4.6284e-01 -1.8342e+00
473 0 +4.884836119e-04 -3.025895115e+02 -3.025895115e+02 +8.0246e-01 +4.5612e-01 -1.8305e+00
475 0 +4.721983308e-04 -3.025895278e+02 -3.025895278e+02 +7.8965e-01 +4.6382e-01 -1.8224e+00
476 0 +4.522908940e-04 -3.025895477e+02 -3.025895477e+02 +7.7591e-01 +4.6010e-01 -1.8125e+00
477 0 +3.862105647e-04 -3.025896138e+02 -3.025896138e+02 +7.8092e-01 +4.5078e-01 -1.8172e+00
478 0 +3.262920314e-04 -3.025896737e+02 -3.025896737e+02 +7.6844e-01 +4.3886e-01 -1.8091e+00
480 0 +3.197224459e-04 -3.025896803e+02 -3.025896803e+02 +7.3559e-01 +4.3084e-01 -1.7852e+00
482 0 +2.522895937e-04 -3.025897477e+02 -3.025897477e+02 +7.3525e-01 +4.0735e-01 -1.7849e+00
483 0 +2.053176798e-04 -3.025897947e+02 -3.025897947e+02 +7.1491e-01 +3.8098e-01 -1.7710e+00
485 0 +1.946233138e-04 -3.025898054e+02 -3.025898054e+02 +6.7628e-01 +3.7056e-01 -1.7450e+00
486 0 +1.626238854e-04 -3.025898374e+02 -3.025898374e+02 +6.3020e-01 +3.3641e-01 -1.7130e+00
487 0 +8.683155716e-05 -3.025899132e+02 -3.025899132e+02 +6.3887e-01 +3.1562e-01 -1.7209e+00
488 0 +2.902408585e-05 -3.025899710e+02 -3.025899710e+02 +5.9051e-01 +2.5801e-01 -1.6887e+00
490 0 +2.817677307e-05 -3.025899718e+02 -3.025899718e+02 +4.8146e-01 +1.8061e-01 -1.6124e+00
492 0 +1.509857725e-06 -3.025899985e+02 -3.025899985e+02 +4.6701e-01 +1.2132e-01 -1.6034e+00
493 0 +5.153310667e-08 -3.025899999e+02 -3.025899999e+02 +3.8541e-01 +1.3770e-02 -1.5486e+00
502 0 +4.141577392e-08 -3.025900000e+02 -3.025900000e+02 +4.3708e-01 +7.9591e-02 -1.5853e+00
504 0 +2.677495559e-09 -3.025900000e+02 -3.025900000e+02 +4.1507e-01 +4.4946e-02 -1.5710e+00
536 0 +0.000000000e+00 -3.025900000e+02 -3.025900000e+02 +4.0507e-01 +4.0889e-02 -1.5640e+00
% f evaluations | g evaluations | best noise-free fitness - Fopt (-3.065500000000e+02) + sum g_i+ | measured fitness | best measured fitness or single-digit g-values | x1 | x2...
1 0 +4.630791406e+01 -2.602420859e+02 -2.602420859e+02 +0.0000e+00 +0.0000e+00 +0.0000e+00
3 0 +4.630322230e+01 -2.602467777e+02 -2.602467777e+02 +0.0000e+00 +2.5000e-04 +0.0000e+00
18 0 +4.563140518e+01 -2.609185948e+02 -2.609185948e+02 -6.3333e-03 +2.0000e-03 +3.6667e-03
23 0 +4.448242394e+01 -2.620675761e+02 -2.620675761e+02 -1.7278e-02 +4.9722e-03 +9.8333e-03
25 0 +4.345805781e+01 -2.630919422e+02 -2.630919422e+02 -2.7222e-02 +7.5556e-03 +1.5222e-02
26 0 +4.237785043e+01 -2.641721496e+02 -2.641721496e+02 -3.7667e-02 +1.0333e-02 +2.1000e-02
28 0 +4.064862177e+01 -2.659013782e+02 -2.659013782e+02 -5.5000e-02 +1.6667e-02 +2.9583e-02
30 0 +3.763664255e+01 -2.689133575e+02 -2.689133575e+02 -8.4500e-02 +2.3917e-02 +4.7583e-02
31 0 +3.675438467e+01 -2.697956153e+02 -2.697956153e+02 -9.4611e-02 +2.7194e-02 +5.1944e-02
32 0 +3.361880135e+01 -2.729311986e+02 -2.729311986e+02 -1.3017e-01 +3.7417e-02 +7.1167e-02
33 0 +3.261930579e+01 -2.739306942e+02 -2.739306942e+02 -1.4211e-01 +4.1667e-02 +7.7889e-02
34 0 +2.885605033e+01 -2.776939497e+02 -2.776939497e+02 -1.9433e-01 +5.7333e-02 +1.0633e-01
35 0 +2.739485997e+01 -2.791551400e+02 -2.791551400e+02 -2.1767e-01 +6.2444e-02 +1.2047e-01
36 0 +2.345178662e+01 -2.830982134e+02 -2.830982134e+02 -2.9900e-01 +8.5333e-02 +1.6592e-01
37 0 +2.227445895e+01 -2.842755410e+02 -2.842755410e+02 -3.3117e-01 +9.6139e-02 +1.8136e-01
38 0 +1.864116217e+01 -2.879088378e+02 -2.879088378e+02 -4.5450e-01 +1.3225e-01 +2.4825e-01
39 0 +1.765388002e+01 -2.888961200e+02 -2.888961200e+02 -5.0172e-01 +1.4586e-01 +2.7583e-01
40 0 +1.681550203e+01 -2.897344980e+02 -2.897344980e+02 -6.8750e-01 +2.0008e-01 +3.7817e-01
53 0 +1.658692743e+01 -2.899630726e+02 -2.899630726e+02 -6.5170e-01 +1.8919e-01 +3.5846e-01
146 0 +1.618235472e+01 -2.903676453e+02 -2.903676453e+02 -6.0411e-01 +7.4856e-03 +3.6160e-01
151 0 +1.570182387e+01 -2.908481761e+02 -2.908481761e+02 -6.2669e-01 -1.8085e-01 +4.0838e-01
152 0 +1.548111278e+01 -2.910688872e+02 -2.910688872e+02 -6.4460e-01 -2.6647e-01 +4.3432e-01
156 0 +1.507187871e+01 -2.914781213e+02 -2.914781213e+02 -7.0650e-01 -5.0089e-01 +5.1281e-01
158 0 +1.476307587e+01 -2.917869241e+02 -2.917869241e+02 -7.6110e-01 -1.0457e+00 +6.4171e-01
520 0 +5.872727958e+00 -3.006772720e+02 -3.006772720e+02 +2.8205e-01 -7.1597e-01 +9.8322e-01
554 0 +5.749220321e+00 -3.008007797e+02 -3.008007797e+02 +2.8602e-01 -7.1839e-01 +1.0048e+00
559 0 +5.579053199e+00 -3.009709468e+02 -3.009709468e+02 +2.6980e-01 -7.3069e-01 +1.0520e+00
561 0 +5.391490688e+00 -3.011585093e+02 -3.011585093e+02 +2.3492e-01 -7.3579e-01 +1.1017e+00
562 0 +5.364411351e+00 -3.011855886e+02 -3.011855886e+02 +2.2593e-01 -7.4105e-01 +1.1077e+00
565 0 +5.183392654e+00 -3.013666073e+02 -3.013666073e+02 +1.5750e-01 -7.6390e-01 +1.2348e+00
628 0 +5.123661449e+00 -3.014263386e+02 -3.014263386e+02 +1.3738e-01 -8.8095e-01 +1.2586e+00
734 0 +3.753258306e+00 -3.027967417e+02 -3.027967417e+02 +4.0555e+00 -6.5427e-01 +1.2394e+00
744 0 +3.668243011e+00 -3.028817570e+02 -3.028817570e+02 +4.0600e+00 -7.1670e-01 +1.2844e+00
750 0 +3.503669116e+00 -3.030463309e+02 -3.030463309e+02 +4.0505e+00 -6.5263e-01 +1.2933e+00
754 0 +3.329233823e+00 -3.032207662e+02 -3.032207662e+02 +3.9949e+00 -6.3396e-01 +1.3373e+00
755 0 +3.279642801e+00 -3.032703572e+02 -3.032703572e+02 +3.9560e+00 -6.7734e-01 +1.3830e+00
759 0 +3.075952513e+00 -3.034740475e+02 -3.034740475e+02 +3.9722e+00 -6.0970e-01 +1.3970e+00
760 0 +2.915345400e+00 -3.036346546e+02 -3.036346546e+02 +3.9474e+00 -5.6707e-01 +1.4370e+00
762 0 +2.876423125e+00 -3.036735769e+02 -3.036735769e+02 +3.8695e+00 -6.0829e-01 +1.4952e+00
764 0 +2.526494167e+00 -3.040235058e+02 -3.040235058e+02 +3.8130e+00 -5.5990e-01 +1.6097e+00
765 0 +2.315572750e+00 -3.042344272e+02 -3.042344272e+02 +3.7415e+00 -5.0118e-01 +1.7231e+00
768 0 +2.180760404e+00 -3.043692396e+02 -3.043692396e+02 +3.5895e+00 -2.6178e-01 +1.9150e+00
769 0 +2.128388831e+00 -3.044216112e+02 -3.044216112e+02 +3.4825e+00 -1.1355e-01 +2.0977e+00
770 0 +2.054886694e+00 -3.044951133e+02 -3.044951133e+02 +3.4492e+00 -3.0607e-01 +2.1341e+00
771 0 +2.009528830e+00 -3.045404712e+02 -3.045404712e+02 +3.2941e+00 -2.8221e-01 +2.3824e+00
774 0 +1.956471429e+00 -3.045935286e+02 -3.045935286e+02 +3.0345e+00 -1.6401e-01 +2.8873e+00
